TEN 2015-10-13 08:19:20.625226

Linux-4.2.0-1-amd64-x86_64-with-debian-stretch-sid
uname_result(system='Linux', node='antu', release='4.2.0-1-amd64', version='#1 SMP Debian 4.2.1-2 (2015-09-27)', machine='x86_64', processor='')

Input parameters:
-----------------
NP radius: 15.000 nm
Foster radius: 2.290 nm
Mean free path: 200.000 nm
Tau_D: 0.333 ns
Number of acceptors: [0, 1, 2, 3, 4, 5, 6, 7, 8, 9, 10, 11, 12, 13, 14, 15, 16, 17, 18, 19, 20, 21, 22, 23, 24, 25, 26, 27, 28, 29, 30, 31, 32, 33, 34, 35, 36, 37, 38, 39, 40, 41, 42, 43, 44, 45, 46, 47, 48, 49, 50, 51, 52, 53, 54, 55, 56, 57, 58, 59, 60, 61, 62, 63, 64, 65, 66, 67, 68, 69, 70, 71, 72, 73, 74, 75, 76, 77, 78, 79, 80, 81, 82, 83, 84, 85, 86, 87, 88, 89, 90, 91, 92, 93, 94, 95, 96, 97, 98, 99, 100, 101, 102, 103, 104, 105, 106, 107, 108, 109, 110, 111, 112, 113, 114, 115, 116, 117, 118, 119, 120, 121, 122, 123, 124, 125, 126, 127, 128, 129, 130, 131, 132, 133, 134, 135, 136, 137, 138, 139, 140, 141, 142, 143, 144, 145, 146, 147, 148, 149, 150, 151, 152, 153, 154, 155, 156, 157, 158, 159, 160, 161, 162, 163, 164, 165, 166, 167, 168, 169, 170, 171, 172, 173, 174, 175, 176, 177, 178, 179, 180, 181, 182, 183, 184, 185, 186, 187, 188, 189, 190, 191, 192, 193, 194, 195, 196, 197, 198, 199, 200, 201, 202, 203, 204, 205, 206, 207, 208, 209, 210, 211, 212, 213, 214, 215, 216, 217, 218, 219, 220, 221, 222, 223, 224, 225, 226, 227, 228, 229, 230, 231, 232, 233, 234, 235, 236, 237, 238, 239, 240, 241, 242, 243, 244, 245, 246, 247, 248, 249, 250, 251, 252, 253, 254, 255, 256, 257, 258, 259, 260, 261, 262, 263, 264, 265, 266, 267, 268, 269, 270, 271, 272, 273, 274, 275, 276, 277, 278, 279, 280, 281, 282, 283, 284, 285, 286, 287, 288, 289, 290, 291, 292, 293, 294, 295, 296, 297, 298, 299, 300, 301, 302, 303, 304, 305, 306, 307, 308, 309, 310, 311, 312, 313, 314, 315, 316, 317, 318, 319, 320, 321, 322, 323, 324, 325, 326, 327, 328, 329, 330, 331, 332, 333, 334, 335, 336, 337, 338, 339, 340, 341, 342, 343, 344, 345, 346, 347, 348, 349, 350, 351, 352, 353, 354, 355, 356, 357, 358, 359, 360, 361, 362, 363, 364, 365, 366, 367, 368, 369, 370, 371, 372, 373, 374, 375, 376, 377, 378, 379, 380, 381, 382, 383, 384, 385, 386, 387, 388, 389, 390, 391, 392, 393, 394, 395, 396, 397, 398, 399, 400, 401, 402, 403, 404, 405, 406, 407, 408, 409, 410, 411, 412, 413, 414, 415, 416, 417, 418, 419, 420, 421, 422, 423, 424, 425, 426, 427, 428, 429, 430, 431, 432, 433, 434, 435, 436]
Epsilon: 1.000 nm
Number of exitations: 5000
Delta_t: 0.002 ns

Output parameters:
------------------
Probability of decay: 0.004988

+--------------+------------------+---------------------+----------------------+------------+-------------------+------------------+
| Nº acceptors | Amount of decays | Amount of transfers | Quenching efficiency | Walk mean* | LD calculate [nm] | Total time [seg] |
+--------------+------------------+---------------------+----------------------+------------+-------------------+------------------+
|      0       |      5000.0      |         0.0         |         0.0          |  199.5318  |   4.21924372438   |  79.2753152847   |
|      1       |      4873.0      |        127.0        |        0.0254        |  193.1876  |   4.17022970565   |  77.5103597641   |
|      2       |      4737.0      |        263.0        |        0.0526        |  191.6874  |   4.17656873628   |   78.320949316   |
|      3       |      4609.0      |        391.0        |        0.0782        |  184.0164  |   4.12569653914   |   75.379144907   |
|      4       |      4519.0      |        481.0        |        0.0962        |  180.4472  |   4.06500624597   |  74.3588180542   |
|      5       |      4419.0      |        581.0        |        0.1162        |  180.4532  |   4.09777499578   |  74.6514382362   |
|      6       |      4337.0      |        663.0        |        0.1326        |  171.3884  |   4.02660423827   |  71.1031575203   |
|      7       |      4177.0      |        823.0        |        0.1646        |  173.9678  |   4.01084555165   |  72.6344344616   |
|      8       |      4158.0      |        842.0        |        0.1684        |  161.7624  |   3.93524442522   |   67.832845211   |
|      9       |      4027.0      |        973.0        |        0.1946        |  161.742   |    3.9426311948   |  67.6548326015   |
|      10      |      3937.0      |        1063.0       |        0.2126        |  157.1528  |   3.94598132623   |  66.3147718906   |
|      11      |      3853.0      |        1147.0       |        0.2294        |  152.141   |    3.831260642    |  64.2419950962   |
|      12      |      3795.0      |        1205.0       |        0.241         |  150.2496  |   3.88183690146   |  63.6671571732   |
|      13      |      3669.0      |        1331.0       |        0.2662        |  147.3938  |   3.86047009669   |  62.7396199703   |
|      14      |      3656.0      |        1344.0       |        0.2688        |  143.2618  |   3.76849508565   |  61.1346709728   |
|      15      |      3516.0      |        1484.0       |        0.2968        |  139.125   |   3.74781830129   |  59.4895970821   |
|      16      |      3538.0      |        1462.0       |        0.2924        |  139.2096  |   3.73719238956   |   60.069611311   |
|      17      |      3425.0      |        1575.0       |        0.315         |  137.6604  |   3.78082516608   |   59.280850172   |
|      18      |      3378.0      |        1622.0       |        0.3244        |  131.1306  |   3.67034068502   |  56.6829199791   |
|      19      |      3292.0      |        1708.0       |        0.3416        |  128.5784  |   3.63222736429   |  55.8239555359   |
|      20      |      3215.0      |        1785.0       |        0.357         |  126.111   |   3.65264772531   |  54.9809741974   |
|      21      |      3164.0      |        1836.0       |        0.3672        |  125.908   |   3.58006248046   |  54.8560750484   |
|      22      |      3155.0      |        1845.0       |        0.369         |  123.3176  |   3.61762632695   |  53.9622147083   |
|      23      |      3054.0      |        1946.0       |        0.3892        |  121.4046  |   3.57768933966   |  53.1084811687   |
|      24      |      3027.0      |        1973.0       |        0.3946        |  123.5898  |   3.62642995492   |   54.331328392   |
|      25      |      2997.0      |        2003.0       |        0.4006        |  118.4044  |   3.52511074391   |  52.3642864227   |
|      26      |      2938.0      |        2062.0       |        0.4124        |  116.0046  |   3.51775524689   |  51.4998633862   |
|      27      |      2836.0      |        2164.0       |        0.4328        |  113.915   |    3.4677240674   |  50.4819359779   |
|      28      |      2755.0      |        2245.0       |        0.449         |  106.0864  |   3.39405606936   |  47.3810303211   |
|      29      |      2771.0      |        2229.0       |        0.4458        |  111.107   |   3.46037696666   |   49.741019249   |
|      30      |      2684.0      |        2316.0       |        0.4632        |  108.4718  |   3.46264969157   |  48.7062828541   |
|      31      |      2692.0      |        2308.0       |        0.4616        |  107.2332  |    3.4370665794   |  48.2214975357   |
|      32      |      2682.0      |        2318.0       |        0.4636        |  104.1894  |   3.37457269913   |  47.1228635311   |
|      33      |      2550.0      |        2450.0       |         0.49         |  104.0994  |   3.37509770478   |  47.0407402515   |
|      34      |      2591.0      |        2409.0       |        0.4818        |  102.0536  |   3.35205906472   |  46.6109626293   |
|      35      |      2577.0      |        2423.0       |        0.4846        |  100.8112  |   3.33920987261   |  46.0965743065   |
|      36      |      2435.0      |        2565.0       |        0.513         |   94.002   |   3.25677368676   |   42.909989357   |
|      37      |      2450.0      |        2550.0       |         0.51         |   95.854   |   3.33246021673   |  44.0155937672   |
|      38      |      2380.0      |        2620.0       |        0.524         |  94.5606   |   3.26871883963   |  43.6036243439   |
|      39      |      2388.0      |        2612.0       |        0.5224        |  93.6184   |   3.26380330052   |  43.3968176842   |
|      40      |      2375.0      |        2625.0       |        0.525         |  93.5546   |     3.21801252    |  43.6208403111   |
|      41      |      2257.0      |        2743.0       |        0.5486        |  94.1654   |   3.24671877264   |  43.8804655075   |
|      42      |      2296.0      |        2704.0       |        0.5408        |  90.7742   |   3.19504629938   |  42.5057272911   |
|      43      |      2255.0      |        2745.0       |        0.549         |  89.6458   |   3.19508077183   |  42.1489479542   |
|      44      |      2270.0      |        2730.0       |        0.546         |  85.9926   |   3.13903191647   |  40.6293871403   |
|      45      |      2218.0      |        2782.0       |        0.5564        |  89.0972   |   3.17572637367   |  42.1470811367   |
|      46      |      2143.0      |        2857.0       |        0.5714        |  85.1492   |    3.1498757355   |  40.4665546417   |
|      47      |      2102.0      |        2898.0       |        0.5796        |  83.6272   |    3.1110015192   |  39.9095270634   |
|      48      |      2105.0      |        2895.0       |        0.579         |  84.8462   |   3.12532359184   |  40.7261874676   |
|      49      |      2093.0      |        2907.0       |        0.5814        |  81.6738   |   3.09567710916   |  39.3547799587   |
|      50      |      2023.0      |        2977.0       |        0.5954        |  78.5034   |   3.06084024552   |  37.7875275612   |
|      51      |      1974.0      |        3026.0       |        0.6052        |  81.7572   |   3.08701875418   |  39.3945803642   |
|      52      |      2040.0      |        2960.0       |        0.592         |  78.3796   |   3.04516030924   |  37.9899544716   |
|      53      |      1958.0      |        3042.0       |        0.6084        |  73.6244   |   2.97863053145   |  35.7112045288   |
|      54      |      1916.0      |        3084.0       |        0.6168        |  76.6404   |   3.04415970342   |   37.404561758   |
|      55      |      1981.0      |        3019.0       |        0.6038        |  76.6856   |   3.03830029604   |  37.3850543499   |
|      56      |      1917.0      |        3083.0       |        0.6166        |   76.316   |   3.00826851493   |  37.3740332127   |
|      57      |      1859.0      |        3141.0       |        0.6282        |  74.7596   |    2.9471630138   |  36.5241789818   |
|      58      |      1803.0      |        3197.0       |        0.6394        |   73.769   |   3.00242021507   |   36.335596323   |
|      59      |      1810.0      |        3190.0       |        0.638         |  73.5446   |   2.96542274286   |  36.3458561897   |
|      60      |      1804.0      |        3196.0       |        0.6392        |  72.0206   |   2.97157342283   |  35.6559326649   |
|      61      |      1774.0      |        3226.0       |        0.6452        |  69.2758   |   2.92424448969   |   34.387481451   |
|      62      |      1834.0      |        3166.0       |        0.6332        |   71.827   |   2.93271349047   |  35.7887949944   |
|      63      |      1757.0      |        3243.0       |        0.6486        |  68.8586   |   2.89847522355   |  34.4004945755   |
|      64      |      1737.0      |        3263.0       |        0.6526        |  68.0726   |   2.87060201937   |  34.1301310062   |
|      65      |      1696.0      |        3304.0       |        0.6608        |  68.8684   |   2.88151443081   |  34.5683617592   |
|      66      |      1732.0      |        3268.0       |        0.6536        |  69.2084   |    2.9036490022   |  34.8584530354   |
|      67      |      1651.0      |        3349.0       |        0.6698        |   65.43    |   2.83153628366   |  32.9680066109   |
|      68      |      1699.0      |        3301.0       |        0.6602        |  64.8026   |   2.77552930424   |  33.0895154476   |
|      69      |      1698.0      |        3302.0       |        0.6604        |  65.8236   |   2.81842232642   |  33.4164562225   |
|      70      |      1655.0      |        3345.0       |        0.669         |   64.52    |   2.79578496795   |  32.9430949688   |
|      71      |      1594.0      |        3406.0       |        0.6812        |  65.0022   |   2.83439269194   |  33.2654190063   |
|      72      |      1536.0      |        3464.0       |        0.6928        |  63.6472   |   2.84010038095   |  32.7452840805   |
|      73      |      1637.0      |        3363.0       |        0.6726        |   62.187   |   2.78983434478   |  31.9357187748   |
|      74      |      1553.0      |        3447.0       |        0.6894        |  61.0118   |   2.77280628821   |  31.4223315716   |
|      75      |      1561.0      |        3439.0       |        0.6878        |  60.9328   |   2.75315418167   |  31.5835595131   |
|      76      |      1491.0      |        3509.0       |        0.7018        |  59.8452   |   2.71102573231   |  31.0076153278   |
|      77      |      1553.0      |        3447.0       |        0.6894        |   60.187   |   2.74393227205   |  31.3559987545   |
|      78      |      1518.0      |        3482.0       |        0.6964        |   60.763   |   2.67582158713   |  31.7922871113   |
|      79      |      1524.0      |        3476.0       |        0.6952        |  58.5568   |   2.68829723375   |  30.6048748493   |
|      80      |      1441.0      |        3559.0       |        0.7118        |   58.119   |   2.70736905314   |  30.4573581219   |
|      81      |      1469.0      |        3531.0       |        0.7062        |   60.013   |    2.7514781071   |  31.5942127705   |
|      82      |      1487.0      |        3513.0       |        0.7026        |  56.5782   |   2.64403502689   |  29.8667809963   |
|      83      |      1415.0      |        3585.0       |        0.717         |   56.289   |   2.69657128465   |  29.7612876892   |
|      84      |      1397.0      |        3603.0       |        0.7206        |  55.5096   |   2.61415258029   |  29.4704658985   |
|      85      |      1430.0      |        3570.0       |        0.714         |  56.1082   |   2.65359623109   |  29.8539140224   |
|      86      |      1451.0      |        3549.0       |        0.7098        |   55.879   |   2.66438415627   |   29.720805645   |
|      87      |      1385.0      |        3615.0       |        0.723         |  53.2982   |   2.61086846051   |  28.5621666908   |
|      88      |      1445.0      |        3555.0       |        0.711         |   53.614   |   2.61752285723   |  28.8620877266   |
|      89      |      1336.0      |        3664.0       |        0.7328        |  52.3084   |   2.61859142988   |   28.148848772   |
|      90      |      1339.0      |        3661.0       |        0.7322        |  52.4406   |   2.56316885383   |  28.3155312538   |
|      91      |      1306.0      |        3694.0       |        0.7388        |  53.0824   |   2.58449574416   |   28.675552845   |
|      92      |      1336.0      |        3664.0       |        0.7328        |  53.6966   |   2.61892609939   |  29.1924753189   |
|      93      |      1356.0      |        3644.0       |        0.7288        |   51.923   |   2.57075456527   |  28.1450572014   |
|      94      |      1327.0      |        3673.0       |        0.7346        |   51.773   |    2.579406663    |  28.1899585724   |
|      95      |      1266.0      |        3734.0       |        0.7468        |   49.532   |   2.54993252413   |  27.0650882721   |
|      96      |      1294.0      |        3706.0       |        0.7412        |  50.3556   |   2.52765847987   |  27.6944680214   |
|      97      |      1223.0      |        3777.0       |        0.7554        |   50.137   |   2.48162182418   |  27.5399918556   |
|      98      |      1280.0      |        3720.0       |        0.744         |  48.9552   |   2.47914262857   |  27.0173110962   |
|      99      |      1179.0      |        3821.0       |        0.7642        |  48.8306   |    2.5102710908   |  26.9173388481   |
|     100      |      1256.0      |        3744.0       |        0.7488        |  47.1964   |   2.47903534543   |  26.2244861126   |
|     101      |      1241.0      |        3759.0       |        0.7518        |  48.5978   |    2.4876187341   |   27.067939043   |
|     102      |      1226.0      |        3774.0       |        0.7548        |  47.4904   |    2.4774637103   |  26.4568760395   |
|     103      |      1197.0      |        3803.0       |        0.7606        |  46.8842   |   2.44281061028   |  26.1622819901   |
|     104      |      1186.0      |        3814.0       |        0.7628        |  46.2794   |   2.44170661007   |  25.8813066483   |
|     105      |      1215.0      |        3785.0       |        0.757         |  46.4824   |   2.43458506692   |   26.143789053   |
|     106      |      1150.0      |        3850.0       |         0.77         |  46.6448   |   2.45058037219   |  26.3934707642   |
|     107      |      1171.0      |        3829.0       |        0.7658        |  46.8984   |   2.45175280198   |   26.423735857   |
|     108      |      1153.0      |        3847.0       |        0.7694        |  44.6394   |   2.39735686192   |  25.2942240238   |
|     109      |      1129.0      |        3871.0       |        0.7742        |  44.6862   |   2.41369898588   |  25.4419457912   |
|     110      |      1108.0      |        3892.0       |        0.7784        |  45.3602   |   2.40885620344   |  25.8638348579   |
|     111      |      1138.0      |        3862.0       |        0.7724        |  45.2272   |   2.39445269116   |  25.8135631084   |
|     112      |      1138.0      |        3862.0       |        0.7724        |  45.1618   |   2.37462240924   |   25.88799119    |
|     113      |      1148.0      |        3852.0       |        0.7704        |   44.174   |   2.42764472812   |  25.3324198723   |
|     114      |      1104.0      |        3896.0       |        0.7792        |   43.978   |   2.39907583314   |  25.4253568649   |
|     115      |      1101.0      |        3899.0       |        0.7798        |  42.9636   |   2.41102887015   |  24.7812407017   |
|     116      |      1119.0      |        3881.0       |        0.7762        |   43.008   |   2.34879892124   |  24.9435045719   |
|     117      |      1088.0      |        3912.0       |        0.7824        |  42.3812   |   2.32430666161   |  24.6317155361   |
|     118      |      1023.0      |        3977.0       |        0.7954        |  42.2164   |   2.35538065099   |  24.8209838867   |
|     119      |      1081.0      |        3919.0       |        0.7838        |  41.7822   |   2.31405727113   |  24.4528477192   |
|     120      |      1128.0      |        3872.0       |        0.7744        |  40.4656   |   2.29781316086   |  23.7327930927   |
|     121      |      1028.0      |        3972.0       |        0.7944        |  40.1424   |   2.32171295564   |  23.5308680534   |
|     122      |      1035.0      |        3965.0       |        0.793         |  40.0414   |   2.31200103818   |  23.5565991402   |
|     123      |      1029.0      |        3971.0       |        0.7942        |   39.958   |   2.29542787545   |  23.5301632881   |
|     124      |      1025.0      |        3975.0       |        0.795         |   40.553   |   2.28920881479   |  24.0711331367   |
|     125      |      1020.0      |        3980.0       |        0.796         |  39.3802   |   2.28559715159   |  23.3633265495   |
|     126      |      1077.0      |        3923.0       |        0.7846        |  39.2414   |   2.28747680088   |  23.2252864838   |
|     127      |      962.0       |        4038.0       |        0.8076        |  39.8892   |   2.27635836856   |  23.6468772888   |
|     128      |      997.0       |        4003.0       |        0.8006        |  38.8564   |   2.30861677826   |  23.4344124794   |
|     129      |      957.0       |        4043.0       |        0.8086        |  39.0652   |   2.26070335845   |  23.6145181656   |
|     130      |      996.0       |        4004.0       |        0.8008        |  36.5926   |   2.20634257899   |  22.2514414787   |
|     131      |      996.0       |        4004.0       |        0.8008        |  38.3178   |   2.28169340835   |  23.3007674217   |
|     132      |      975.0       |        4025.0       |        0.805         |  37.9596   |   2.24442571594   |  23.1855883598   |
|     133      |      974.0       |        4026.0       |        0.8052        |  37.8002   |   2.26060893104   |  23.0429251194   |
|     134      |      943.0       |        4057.0       |        0.8114        |   37.012   |   2.22218405585   |  22.7500796318   |
|     135      |      987.0       |        4013.0       |        0.8026        |  36.3608   |   2.17701585129   |  22.4154365063   |
|     136      |      992.0       |        4008.0       |        0.8016        |  37.1142   |   2.20880538606   |  22.8805727959   |
|     137      |      934.0       |        4066.0       |        0.8132        |  36.1862   |   2.21818402705   |  22.3441534042   |
|     138      |      940.0       |        4060.0       |        0.812         |  37.3148   |   2.24730100815   |  23.1232917309   |
|     139      |      910.0       |        4090.0       |        0.818         |  35.8132   |   2.16090505665   |  22.2792372704   |
|     140      |      920.0       |        4080.0       |        0.816         |   35.35    |   2.19596855649   |  22.0527484417   |
|     141      |      931.0       |        4069.0       |        0.8138        |  35.9202   |   2.19080120044   |  22.4170877934   |
|     142      |      912.0       |        4088.0       |        0.8176        |   35.836   |   2.15479793677   |  22.5081756115   |
|     143      |      870.0       |        4130.0       |        0.826         |  36.1888   |   2.17015930965   |  22.6545722485   |
|     144      |      903.0       |        4097.0       |        0.8194        |  34.2172   |   2.17987324101   |  21.6255288124   |
|     145      |      865.0       |        4135.0       |        0.827         |  35.1116   |   2.19357314822   |  22.2233667374   |
|     146      |      852.0       |        4148.0       |        0.8296        |  35.2532   |    2.1819030205   |  22.3348484039   |
|     147      |      878.0       |        4122.0       |        0.8244        |  34.8286   |   2.15550082814   |  22.1520390511   |
|     148      |      865.0       |        4135.0       |        0.827         |  33.4784   |   2.10782112158   |  21.2633230686   |
|     149      |      865.0       |        4135.0       |        0.827         |  35.1292   |   2.19413806811   |  22.2900986671   |
|     150      |      815.0       |        4185.0       |        0.837         |  33.5112   |   2.11127475985   |  21.4848780632   |
|     151      |      869.0       |        4131.0       |        0.8262        |  33.2538   |    2.0993700887   |  21.3868722916   |
|     152      |      862.0       |        4138.0       |        0.8276        |  32.9244   |   2.13117356165   |  21.2919080257   |
|     153      |      929.0       |        4071.0       |        0.8142        |  32.8254   |   2.07333100862   |  21.2122609615   |
|     154      |      812.0       |        4188.0       |        0.8376        |  32.0914   |   2.11574825311   |  20.7167284489   |
|     155      |      859.0       |        4141.0       |        0.8282        |  32.8042   |   2.12677596266   |  21.1961350441   |
|     156      |      835.0       |        4165.0       |        0.833         |  32.9436   |   2.10916879326   |  21.4617388248   |
|     157      |      891.0       |        4109.0       |        0.8218        |  30.8024   |    2.0475827286   |  20.1453459263   |
|     158      |      762.0       |        4238.0       |        0.8476        |  32.2958   |   2.07880999462   |  21.1573343277   |
|     159      |      803.0       |        4197.0       |        0.8394        |   32.162   |   2.08171632945   |  21.0173728466   |
|     160      |      841.0       |        4159.0       |        0.8318        |   30.987   |   2.06926185046   |  20.3396348953   |
|     161      |      828.0       |        4172.0       |        0.8344        |  30.9244   |   2.06624811417   |  20.3145632744   |
|     162      |      814.0       |        4186.0       |        0.8372        |  30.8744   |   2.01641833921   |  20.4074072838   |
|     163      |      810.0       |        4190.0       |        0.838         |  31.3758   |   2.10938774411   |  20.6254065037   |
|     164      |      781.0       |        4219.0       |        0.8438        |   30.779   |   2.07514439985   |  20.3859884739   |
|     165      |      832.0       |        4168.0       |        0.8336        |  30.3756   |   2.04524428473   |  20.0975854397   |
|     166      |      793.0       |        4207.0       |        0.8414        |  30.5882   |   2.05467305714   |  20.4535651207   |
|     167      |      818.0       |        4182.0       |        0.8364        |  31.4612   |   2.06654390739   |  21.0559756756   |
|     168      |      801.0       |        4199.0       |        0.8398        |  30.3208   |   2.00975352594   |  20.3675098419   |
|     169      |      830.0       |        4170.0       |        0.834         |   29.834   |   2.03864591388   |  20.2079503536   |
|     170      |      794.0       |        4206.0       |        0.8412        |  30.0074   |   2.01854035362   |  20.3687047958   |
|     171      |      756.0       |        4244.0       |        0.8488        |   29.328   |   2.01131287198   |  19.9374158382   |
|     172      |      786.0       |        4214.0       |        0.8428        |  28.7938   |   1.99337115507   |  19.6705715656   |
|     173      |      763.0       |        4237.0       |        0.8474        |   29.477   |   1.99928938407   |  20.0624938011   |
|     174      |      797.0       |        4203.0       |        0.8406        |  29.3714   |   1.97665870098   |  20.0336134434   |
|     175      |      719.0       |        4281.0       |        0.8562        |  28.0482   |   1.98664431485   |  19.2222197056   |
|     176      |      735.0       |        4265.0       |        0.853         |  27.9896   |   1.96796575009   |  19.2858564854   |
|     177      |      736.0       |        4264.0       |        0.8528        |  28.8448   |   1.98694556039   |  19.8647537231   |
|     178      |      740.0       |        4260.0       |        0.852         |  28.7042   |   1.99250039532   |  19.7611069679   |
|     179      |      735.0       |        4265.0       |        0.853         |   28.267   |   1.97252395063   |  19.4497699738   |
|     180      |      703.0       |        4297.0       |        0.8594        |  28.2744   |   1.98805462771   |  19.6899907589   |
|     181      |      710.0       |        4290.0       |        0.858         |  28.1426   |    1.9718041169   |  19.5272269249   |
|     182      |      742.0       |        4258.0       |        0.8516        |   27.252   |   1.96093451408   |  18.9658048153   |
|     183      |      683.0       |        4317.0       |        0.8634        |  27.2176   |   1.96608464944   |  19.0141005516   |
|     184      |      730.0       |        4270.0       |        0.854         |  26.5822   |   1.92391187873   |  18.6511952877   |
|     185      |      700.0       |        4300.0       |         0.86         |  28.2484   |   1.96272858597   |  19.7247800827   |
|     186      |      695.0       |        4305.0       |        0.861         |  26.9458   |   1.93198753358   |  18.9078991413   |
|     187      |      718.0       |        4282.0       |        0.8564        |  27.2902   |   1.95505609079   |  19.2556099892   |
|     188      |      711.0       |        4289.0       |        0.8578        |  27.2742   |   1.95447109749   |  19.3442661762   |
|     189      |      719.0       |        4281.0       |        0.8562        |  26.9632   |   1.92177856203   |  19.0148329735   |
|     190      |      674.0       |        4326.0       |        0.8652        |  26.7214   |   1.89167946109   |  19.0669651031   |
|     191      |      697.0       |        4303.0       |        0.8606        |  26.1772   |   1.89669915823   |  18.6537897587   |
|     192      |      645.0       |        4355.0       |        0.871         |  26.9186   |   1.93565211637   |   19.163629055   |
|     193      |      669.0       |        4331.0       |        0.8662        |  25.8572   |   1.87611316814   |  18.4929552078   |
|     194      |      650.0       |        4350.0       |         0.87         |  27.4316   |   1.94674035696   |   19.593360424   |
|     195      |      696.0       |        4304.0       |        0.8608        |  26.4894   |   1.92881612701   |  18.9951078892   |
|     196      |      655.0       |        4345.0       |        0.869         |  25.8812   |   1.93243321568   |   18.586227417   |
|     197      |      661.0       |        4339.0       |        0.8678        |  25.5654   |   1.86630737598   |  18.4020283222   |
|     198      |      655.0       |        4345.0       |        0.869         |  25.4634   |   1.91145254387   |  18.4070107937   |
|     199      |      667.0       |        4333.0       |        0.8666        |  26.0566   |   1.90382541452   |  18.8437385559   |
|     200      |      653.0       |        4347.0       |        0.8694        |  26.1914   |   1.93651243379   |  18.9809072018   |
|     201      |      648.0       |        4352.0       |        0.8704        |  24.7808   |   1.87786026183   |  18.0707960129   |
|     202      |      668.0       |        4332.0       |        0.8664        |  25.6328   |   1.86856034409   |  18.6614103317   |
|     203      |      667.0       |        4333.0       |        0.8666        |  25.0814   |   1.84486553526   |  18.2967677116   |
|     204      |      622.0       |        4378.0       |        0.8756        |  24.7216   |    1.8718902005   |  18.1177346706   |
|     205      |      644.0       |        4356.0       |        0.8712        |  24.6554   |   1.84755957724   |  17.9920711517   |
|     206      |      670.0       |        4330.0       |        0.866         |  24.1806   |   1.85402491352   |  17.8678472042   |
|     207      |      586.0       |        4414.0       |        0.8828        |  24.2212   |   1.82925198504   |  17.8866434097   |
|     208      |      661.0       |        4339.0       |        0.8678        |  24.0228   |   1.83421836614   |  17.8280527592   |
|     209      |      628.0       |        4372.0       |        0.8744        |  24.0972   |   1.82421784028   |  17.8308641911   |
|     210      |      615.0       |        4385.0       |        0.877         |   23.476   |    1.8244279311   |  17.4175922871   |
|     211      |      649.0       |        4351.0       |        0.8702        |  23.3816   |   1.81662294662   |  17.3899450302   |
|     212      |      653.0       |        4347.0       |        0.8694        |  23.8968   |   1.82640477134   |   17.760727644   |
|     213      |      588.0       |        4412.0       |        0.8824        |  23.2262   |   1.81798588065   |  17.3427302837   |
|     214      |      620.0       |        4380.0       |        0.876         |   23.668   |   1.80878382814   |  17.6476283073   |
|     215      |      590.0       |        4410.0       |        0.882         |  23.4836   |    1.8080531903   |  17.6193954945   |
|     216      |      587.0       |        4413.0       |        0.8826        |  22.7944   |   1.80050601905   |  17.2315859795   |
|     217      |      617.0       |        4383.0       |        0.8766        |  22.9528   |   1.80804683695   |  17.2891743183   |
|     218      |      571.0       |        4429.0       |        0.8858        |   22.399   |   1.77956210199   |  16.9519686699   |
|     219      |      606.0       |        4394.0       |        0.8788        |  22.7226   |   1.77290648284   |  17.2599923611   |
|     220      |      639.0       |        4361.0       |        0.8722        |  22.8258   |   1.80395910515   |  17.3260023594   |
|     221      |      620.0       |        4380.0       |        0.876         |  22.9516   |   1.80099341108   |  17.5209851265   |
|     222      |      595.0       |        4405.0       |        0.881         |  22.0416   |   1.75876307163   |  16.8540630341   |
|     223      |      595.0       |        4405.0       |        0.881         |  22.8604   |   1.82104789107   |  17.5349433422   |
|     224      |      583.0       |        4417.0       |        0.8834        |  22.1416   |   1.77612559723   |  17.0101149082   |
|     225      |      562.0       |        4438.0       |        0.8876        |  22.3682   |   1.79234967653   |   17.157148838   |
|     226      |      549.0       |        4451.0       |        0.8902        |   22.476   |    1.775355918    |  17.3469698429   |
|     227      |      571.0       |        4429.0       |        0.8858        |   21.907   |   1.73537803326   |  16.9623861313   |
|     228      |      550.0       |        4450.0       |         0.89         |  21.6508   |    1.7421830243   |  16.8367545605   |
|     229      |      573.0       |        4427.0       |        0.8854        |  22.4778   |   1.77457747506   |  17.4894633293   |
|     230      |      586.0       |        4414.0       |        0.8828        |  22.2116   |   1.75847005807   |  17.2945890427   |
|     231      |      573.0       |        4427.0       |        0.8854        |  21.2852   |   1.74268190953   |   16.66796875    |
|     232      |      579.0       |        4421.0       |        0.8842        |  21.5192   |   1.75078345637   |   16.865218401   |
|     233      |      568.0       |        4432.0       |        0.8864        |  20.9072   |   1.71131781908   |  16.3167040348   |
|     234      |      552.0       |        4448.0       |        0.8896        |  21.7028   |   1.74921775151   |   17.058457613   |
|     235      |      557.0       |        4443.0       |        0.8886        |  21.4032   |    1.7258394244   |  16.7861397266   |
|     236      |      553.0       |        4447.0       |        0.8894        |  21.6552   |   1.75436555595   |  17.1607773304   |
|     237      |      520.0       |        4480.0       |        0.896         |  20.7426   |   1.72195899447   |  16.4115591049   |
|     238      |      555.0       |        4445.0       |        0.889         |  21.3614   |   1.73723747732   |   16.929744482   |
|     239      |      550.0       |        4450.0       |         0.89         |  20.9916   |   1.71701156743   |  16.6274828911   |
|     240      |      567.0       |        4433.0       |        0.8866        |  20.7924   |   1.70234445634   |  16.5819673538   |
|     241      |      582.0       |        4418.0       |        0.8836        |  20.9586   |   1.69787285328   |  16.6781337261   |
|     242      |      552.0       |        4448.0       |        0.8896        |  20.3818   |   1.71613326785   |  16.3337919712   |
|     243      |      508.0       |        4492.0       |        0.8984        |  20.5542   |   1.72488774422   |  16.3794772625   |
|     244      |      520.0       |        4480.0       |        0.896         |   20.402   |   1.71801938211   |   16.335870266   |
|     245      |      495.0       |        4505.0       |        0.901         |  20.1652   |   1.71365162628   |  16.0989992619   |
|     246      |      536.0       |        4464.0       |        0.8928        |  20.0738   |   1.69928732697   |  16.2792146206   |
|     247      |      494.0       |        4506.0       |        0.9012        |  19.4286   |   1.68578100018   |  15.6766889095   |
|     248      |      525.0       |        4475.0       |        0.895         |  19.1994   |   1.68269772588   |  15.5929195881   |
|     249      |      524.0       |        4476.0       |        0.8952        |  19.7802   |   1.69465453837   |  15.9746904373   |
|     250      |      495.0       |        4505.0       |        0.901         |  19.7184   |   1.68740734545   |  15.9086816311   |
|     251      |      475.0       |        4525.0       |        0.905         |   19.981   |   1.70150668106   |  16.0442755222   |
|     252      |      518.0       |        4482.0       |        0.8964        |  19.3748   |   1.67463071657   |  15.8271141052   |
|     253      |      494.0       |        4506.0       |        0.9012        |  20.2522   |   1.67918810367   |  16.4090983868   |
|     254      |      516.0       |        4484.0       |        0.8968        |  19.0308   |   1.67329997327   |  15.6172711849   |
|     255      |      484.0       |        4516.0       |        0.9032        |  19.8498   |   1.68496332267   |  16.2358081341   |
|     256      |      513.0       |        4487.0       |        0.8974        |   19.31    |    1.6394430038   |  15.8445141315   |
|     257      |      500.0       |        4500.0       |         0.9          |  19.1124   |   1.64941266419   |  15.8391559124   |
|     258      |      530.0       |        4470.0       |        0.894         |   19.035   |   1.63711212047   |  15.8596823215   |
|     259      |      490.0       |        4510.0       |        0.902         |  18.7488   |   1.63465775584   |  15.6124532223   |
|     260      |      492.0       |        4508.0       |        0.9016        |   17.99    |   1.61072540145   |  15.0736765862   |
|     261      |      508.0       |        4492.0       |        0.8984        |  18.7692   |    1.6812872905   |  15.5991330147   |
|     262      |      502.0       |        4498.0       |        0.8996        |  18.2296   |   1.62300742907   |  15.2983925343   |
|     263      |      467.0       |        4533.0       |        0.9066        |  18.5186   |   1.61876007214   |  15.5064778328   |
|     264      |      483.0       |        4517.0       |        0.9034        |  18.6282   |    1.633467728    |  15.7755587101   |
|     265      |      526.0       |        4474.0       |        0.8948        |  18.0554   |   1.61089516666   |  15.2950258255   |
|     266      |      462.0       |        4538.0       |        0.9076        |  18.2606   |   1.60468957972   |  15.4385261536   |
|     267      |      477.0       |        4523.0       |        0.9046        |   18.308   |   1.60659244248   |  15.4634995461   |
|     268      |      468.0       |        4532.0       |        0.9064        |  18.3644   |   1.62094578991   |  15.5924396515   |
|     269      |      494.0       |        4506.0       |        0.9012        |   18.057   |    1.6014018134   |  15.3677141666   |
|     270      |      486.0       |        4514.0       |        0.9028        |  17.6824   |   1.61520013704   |  15.0815665722   |
|     271      |      495.0       |        4505.0       |        0.901         |  17.5902   |   1.60094502341   |  15.0346372128   |
|     272      |      501.0       |        4499.0       |        0.8998        |  18.0406   |   1.60005567954   |  15.4255383015   |
|     273      |      469.0       |        4531.0       |        0.9062        |  18.2796   |   1.63830021632   |  15.5775365829   |
|     274      |      493.0       |        4507.0       |        0.9014        |  18.6026   |   1.63303168542   |  15.9704451561   |
|     275      |      429.0       |        4571.0       |        0.9142        |  17.6528   |   1.57916692195   |  15.2801837921   |
|     276      |      498.0       |        4502.0       |        0.9004        |  18.1988   |   1.59974887636   |   15.728546381   |
|     277      |      490.0       |        4510.0       |        0.902         |  17.7368   |    1.5850254666   |  15.3973031044   |
|     278      |      464.0       |        4536.0       |        0.9072        |  17.6286   |   1.59473631752   |  15.3149688244   |
|     279      |      466.0       |        4534.0       |        0.9068        |  17.2802   |   1.55849828272   |   15.025002718   |
|     280      |      446.0       |        4554.0       |        0.9108        |  17.8032   |   1.59317161957   |  15.4037373066   |
|     281      |      453.0       |        4547.0       |        0.9094        |  16.5952   |   1.55511112598   |  14.5548408031   |
|     282      |      485.0       |        4515.0       |        0.903         |   17.108   |   1.56138055009   |  14.9711360931   |
|     283      |      452.0       |        4548.0       |        0.9096        |   16.559   |   1.54869449533   |  14.4866890907   |
|     284      |      448.0       |        4552.0       |        0.9104        |   16.98    |   1.56663484749   |  14.9389309883   |
|     285      |      450.0       |        4550.0       |         0.91         |   17.182   |   1.57046151321   |  15.1007447243   |
|     286      |      434.0       |        4566.0       |        0.9132        |   16.528   |   1.56161598584   |  14.6299619675   |
|     287      |      424.0       |        4576.0       |        0.9152        |   16.962   |   1.58388243654   |  15.0115163326   |
|     288      |      456.0       |        4544.0       |        0.9088        |  16.8766   |   1.54617994255   |   14.905850172   |
|     289      |      448.0       |        4552.0       |        0.9104        |   17.481   |   1.59575910831   |  15.3399651051   |
|     290      |      465.0       |        4535.0       |        0.907         |  17.2216   |   1.56553659786   |  15.2473669052   |
|     291      |      432.0       |        4568.0       |        0.9136        |  16.5582   |   1.54616061384   |  14.7506029606   |
|     292      |      401.0       |        4599.0       |        0.9198        |  16.3424   |   1.55003461434   |  14.7439682484   |
|     293      |      438.0       |        4562.0       |        0.9124        |  16.0146   |   1.51263799755   |  14.3413159847   |
|     294      |      419.0       |        4581.0       |        0.9162        |  16.5968   |   1.54897137406   |   14.887181282   |
|     295      |      459.0       |        4541.0       |        0.9082        |  16.6992   |   1.57005087768   |  14.9468073845   |
|     296      |      444.0       |        4556.0       |        0.9112        |  16.6456   |   1.56791588423   |  14.9996845722   |
|     297      |      442.0       |        4558.0       |        0.9116        |  16.0116   |   1.53921567692   |  14.4477696419   |
|     298      |      414.0       |        4586.0       |        0.9172        |   16.506   |   1.56020121259   |  14.8277549744   |
|     299      |      405.0       |        4595.0       |        0.919         |  15.7804   |   1.52075445091   |  14.2420516014   |
|     300      |      460.0       |        4540.0       |        0.908         |   15.987   |   1.53100546105   |  14.4711928368   |
|     301      |      361.0       |        4639.0       |        0.9278        |  15.6806   |   1.50344554123   |  14.1690380573   |
|     302      |      434.0       |        4566.0       |        0.9132        |  15.8002   |   1.51633299065   |   14.396173954   |
|     303      |      413.0       |        4587.0       |        0.9174        |   15.488   |   1.52003679981   |  14.1697430611   |
|     304      |      415.0       |        4585.0       |        0.917         |  15.6374   |   1.49618231618   |  14.3457357883   |
|     305      |      390.0       |        4610.0       |        0.922         |  15.7254   |   1.50793647945   |  14.4186782837   |
|     306      |      394.0       |        4606.0       |        0.9212        |  15.6372   |   1.50503853774   |  14.4894478321   |
|     307      |      388.0       |        4612.0       |        0.9224        |   15.312   |   1.51059803081   |  14.1458821297   |
|     308      |      416.0       |        4584.0       |        0.9168        |  15.4528   |    1.4713020037   |  14.3122701645   |
|     309      |      429.0       |        4571.0       |        0.9142        |  15.1508   |   1.47017233531   |  14.0364999771   |
|     310      |      413.0       |        4587.0       |        0.9174        |  15.6828   |   1.52789118513   |  14.4922688007   |
|     311      |      437.0       |        4563.0       |        0.9126        |  15.2772   |    1.4709558089   |  14.1987390518   |
|     312      |      398.0       |        4602.0       |        0.9204        |  15.6354   |   1.50218094974   |  14.5436952114   |
|     313      |      391.0       |        4609.0       |        0.9218        |   14.932   |   1.48569756126   |  14.0333878994   |
|     314      |      414.0       |        4586.0       |        0.9172        |    15.4    |   1.47683289819   |  14.4762275219   |
|     315      |      397.0       |        4603.0       |        0.9206        |  15.2774   |   1.49307714853   |  14.3353824615   |
|     316      |      387.0       |        4613.0       |        0.9226        |  15.1716   |   1.47411518197   |  14.3569369316   |
|     317      |      375.0       |        4625.0       |        0.925         |  14.6164   |   1.47765988041   |  13.8949878216   |
|     318      |      411.0       |        4589.0       |        0.9178        |  15.2624   |    1.4847163289   |  14.4090528488   |
|     319      |      426.0       |        4574.0       |        0.9148        |  14.5574   |   1.47473666496   |  13.7430465221   |
|     320      |      378.0       |        4622.0       |        0.9244        |  15.1582   |   1.45973244593   |  14.5101518631   |
|     321      |      373.0       |        4627.0       |        0.9254        |  14.8776   |   1.46867125304   |  14.1553936005   |
|     322      |      396.0       |        4604.0       |        0.9208        |  14.8106   |   1.46757465832   |  14.1263461113   |
|     323      |      391.0       |        4609.0       |        0.9218        |  14.3414   |   1.44829170262   |  13.6695578098   |
|     324      |      355.0       |        4645.0       |        0.929         |  14.6796   |   1.46776340368   |  14.0139858723   |
|     325      |      403.0       |        4597.0       |        0.9194        |  15.0236   |   1.44758335255   |   14.297986269   |
|     326      |      399.0       |        4601.0       |        0.9202        |  14.5554   |    1.4684266594   |  13.9964528084   |
|     327      |      367.0       |        4633.0       |        0.9266        |  14.5064   |   1.44539670425   |   13.925085783   |
|     328      |      420.0       |        4580.0       |        0.916         |  14.7878   |   1.45035441744   |  14.2313044071   |
|     329      |      405.0       |        4595.0       |        0.919         |   15.233   |   1.48256775915   |  14.5970919132   |
|     330      |      345.0       |        4655.0       |        0.931         |   14.377   |   1.43813067813   |  14.0099637508   |
|     331      |      363.0       |        4637.0       |        0.9274        |   14.279   |   1.45047352399   |  13.8759551048   |
|     332      |      362.0       |        4638.0       |        0.9276        |  14.4488   |   1.44267157955   |  14.0198040009   |
|     333      |      350.0       |        4650.0       |         0.93         |  14.6472   |   1.45850852511   |  14.1855845451   |
|     334      |      381.0       |        4619.0       |        0.9238        |  13.9148   |   1.42424714011   |  13.5629410744   |
|     335      |      379.0       |        4621.0       |        0.9242        |   14.439   |   1.46553940524   |  14.0290970802   |
|     336      |      369.0       |        4631.0       |        0.9262        |  14.2978   |   1.44359454201   |  14.0230035782   |
|     337      |      379.0       |        4621.0       |        0.9242        |   13.998   |    1.4271332563   |  13.7238636017   |
|     338      |      372.0       |        4628.0       |        0.9256        |  13.9932   |   1.44886211739   |  13.8838319778   |
|     339      |      369.0       |        4631.0       |        0.9262        |   13.576   |   1.41295178902   |  13.4873626232   |
|     340      |      383.0       |        4617.0       |        0.9234        |  14.1144   |   1.43280423385   |  13.9016988277   |
|     341      |      357.0       |        4643.0       |        0.9286        |  13.5766   |   1.41881546992   |  13.5283472538   |
|     342      |      360.0       |        4640.0       |        0.928         |   14.03    |   1.44104946898   |  13.8816111088   |
|     343      |      343.0       |        4657.0       |        0.9314        |  13.5146   |    1.3907671628   |  13.4251611233   |
|     344      |      351.0       |        4649.0       |        0.9298        |  13.8842   |   1.42330877825   |  13.8830664158   |
|     345      |      364.0       |        4636.0       |        0.9272        |  13.4804   |   1.42554375817   |  13.4743292332   |
|     346      |      399.0       |        4601.0       |        0.9202        |   13.348   |   1.39915087315   |  13.4093828201   |
|     347      |      376.0       |        4624.0       |        0.9248        |  13.7374   |   1.38628582278   |  13.7455208302   |
|     348      |      389.0       |        4611.0       |        0.9222        |   13.344   |   1.40168408199   |  13.4924898148   |
|     349      |      379.0       |        4621.0       |        0.9242        |  13.2952   |   1.39697370377   |  13.4416539669   |
|     350      |      364.0       |        4636.0       |        0.9272        |  13.5032   |   1.40348696893   |  13.6192834377   |
|     351      |      371.0       |        4629.0       |        0.9258        |   13.241   |   1.40679049926   |   13.413869381   |
|     352      |      372.0       |        4628.0       |        0.9256        |  13.4928   |   1.39679672033   |  13.6537907124   |
|     353      |      368.0       |        4632.0       |        0.9264        |  13.0246   |   1.36731235221   |  13.2160174847   |
|     354      |      326.0       |        4674.0       |        0.9348        |  13.6904   |   1.41468347984   |  13.8714642525   |
|     355      |      336.0       |        4664.0       |        0.9328        |  12.9162   |   1.39063372862   |   13.112503767   |
|     356      |      345.0       |        4655.0       |        0.931         |  13.2152   |   1.38597851096   |  13.4223031998   |
|     357      |      331.0       |        4669.0       |        0.9338        |  12.8466   |   1.36481739451   |  13.0663292408   |
|     358      |      355.0       |        4645.0       |        0.929         |  12.6624   |    1.3601932774   |   12.982915163   |
|     359      |      337.0       |        4663.0       |        0.9326        |  12.8536   |   1.40482979806   |  13.1500284672   |
|     360      |      365.0       |        4635.0       |        0.927         |  12.9272   |   1.37163695404   |  13.2334253788   |
|     361      |      346.0       |        4654.0       |        0.9308        |  12.6182   |   1.35782999317   |   12.917195797   |
|     362      |      320.0       |        4680.0       |        0.936         |  13.0114   |   1.37368324454   |  13.4611189365   |
|     363      |      346.0       |        4654.0       |        0.9308        |  12.6584   |   1.36732038321   |  13.1647157669   |
|     364      |      349.0       |        4651.0       |        0.9302        |  12.5854   |   1.36750253558   |  13.1085762978   |
|     365      |      375.0       |        4625.0       |        0.925         |   12.688   |    1.3769287729   |  13.1623260975   |
|     366      |      327.0       |        4673.0       |        0.9346        |  12.7682   |   1.36544788399   |  13.3672535419   |
|     367      |      342.0       |        4658.0       |        0.9316        |  12.5124   |   1.34966585111   |  13.0406270027   |
|     368      |      374.0       |        4626.0       |        0.9252        |  12.6604   |   1.36425458824   |  13.2298538685   |
|     369      |      344.0       |        4656.0       |        0.9312        |  12.3684   |   1.36353392721   |   13.020355463   |
|     370      |      323.0       |        4677.0       |        0.9354        |  12.7034   |   1.37611217861   |  13.3398025036   |
|     371      |      346.0       |        4654.0       |        0.9308        |  12.0396   |    1.3343971537   |  12.6737692356   |
|     372      |      321.0       |        4679.0       |        0.9358        |  12.8668   |   1.38331958276   |  13.4465858936   |
|     373      |      324.0       |        4676.0       |        0.9352        |  12.4216   |   1.34761113255   |  12.9852433205   |
|     374      |      303.0       |        4697.0       |        0.9394        |  12.7256   |   1.37063878502   |  13.4168844223   |
|     375      |      342.0       |        4658.0       |        0.9316        |  12.1438   |    1.3032135497   |  12.8670635223   |
|     376      |      293.0       |        4707.0       |        0.9414        |    12.4    |   1.35594402341   |  13.3310117722   |
|     377      |      353.0       |        4647.0       |        0.9294        |  12.0822   |   1.33367981061   |  12.9343931675   |
|     378      |      336.0       |        4664.0       |        0.9328        |  11.8722   |   1.31725840205   |  12.7690386772   |
|     379      |      318.0       |        4682.0       |        0.9364        |  11.8664   |   1.33220813457   |  12.7311296463   |
|     380      |      357.0       |        4643.0       |        0.9286        |  12.0806   |   1.33012779192   |  12.9088058472   |
|     381      |      335.0       |        4665.0       |        0.933         |  12.2308   |   1.33752512105   |  13.1350910664   |
|     382      |      319.0       |        4681.0       |        0.9362        |  12.1866   |    1.3307279469   |  13.1497862339   |
|     383      |      333.0       |        4667.0       |        0.9334        |  11.8752   |   1.30837770054   |  12.8555970192   |
|     384      |      349.0       |        4651.0       |        0.9302        |  11.7258   |   1.34673197241   |  12.7074677944   |
|     385      |      338.0       |        4662.0       |        0.9324        |  11.7148   |   1.31916053736   |  12.7230784893   |
|     386      |      340.0       |        4660.0       |        0.932         |  11.5648   |   1.30071662256   |  12.5605120659   |
|     387      |      316.0       |        4684.0       |        0.9368        |   12.202   |   1.32603192194   |  13.1663901806   |
|     388      |      332.0       |        4668.0       |        0.9336        |  11.8154   |   1.31439892328   |   12.891061306   |
|     389      |      329.0       |        4671.0       |        0.9342        |  11.9628   |   1.33611382404   |  12.9490272999   |
|     390      |      279.0       |        4721.0       |        0.9442        |  11.3772   |   1.31793555257   |  12.5146369934   |
|     391      |      337.0       |        4663.0       |        0.9326        |  11.4932   |   1.30655682143   |  12.5442433357   |
|     392      |      305.0       |        4695.0       |        0.939         |  11.5358   |   1.32954171042   |  12.6748988628   |
|     393      |      334.0       |        4666.0       |        0.9332        |   11.614   |   1.30995756928   |  12.6969411373   |
|     394      |      313.0       |        4687.0       |        0.9374        |  11.9978   |   1.33226158932   |  13.1434915066   |
|     395      |      305.0       |        4695.0       |        0.939         |  10.9208   |   1.27960057531   |  12.1093828678   |
|     396      |      332.0       |        4668.0       |        0.9336        |  11.1744   |   1.29817880219   |  12.4469957352   |
|     397      |      329.0       |        4671.0       |        0.9342        |  11.5126   |   1.30908693936   |  12.6697463989   |
|     398      |      325.0       |        4675.0       |        0.935         |  11.4314   |    1.3117787393   |  12.7206492424   |
|     399      |      309.0       |        4691.0       |        0.9382        |   11.283   |   1.29527610765   |  12.5402810574   |
|     400      |      314.0       |        4686.0       |        0.9372        |  11.3728   |   1.29138342836   |  12.6587862968   |
|     401      |      310.0       |        4690.0       |        0.938         |   11.452   |   1.30422871629   |  12.7362990379   |
|     402      |      310.0       |        4690.0       |        0.938         |  11.5266   |   1.30240142981   |  12.9457216263   |
|     403      |      307.0       |        4693.0       |        0.9386        |  11.5136   |   1.31741647335   |  12.9354603291   |
|     404      |      308.0       |        4692.0       |        0.9384        |  11.4666   |    1.3068520646   |  12.9931669235   |
|     405      |      315.0       |        4685.0       |        0.937         |  11.3312   |   1.32327493208   |  12.7584376335   |
|     406      |      310.0       |        4690.0       |        0.938         |  11.4586   |   1.29399091158   |  12.8537318707   |
|     407      |      309.0       |        4691.0       |        0.9382        |  11.7722   |   1.31431547111   |  13.1369576454   |
|     408      |      335.0       |        4665.0       |        0.933         |  11.5388   |   1.30315941558   |  12.9525706768   |
|     409      |      305.0       |        4695.0       |        0.939         |   11.14    |   1.27538052302   |  12.6139130592   |
|     410      |      275.0       |        4725.0       |        0.945         |  10.6134   |   1.26501151571   |  12.1238570213   |
|     411      |      285.0       |        4715.0       |        0.943         |   10.727   |   1.28151068955   |  12.3284401894   |
|     412      |      310.0       |        4690.0       |        0.938         |  11.2434   |   1.28690509013   |   12.738764286   |
|     413      |      315.0       |        4685.0       |        0.937         |  10.8986   |   1.26720468753   |   12.450619936   |
|     414      |      287.0       |        4713.0       |        0.9426        |  11.0186   |   1.25789764094   |  12.6277377605   |
|     415      |      304.0       |        4696.0       |        0.9392        |  10.6966   |   1.26259104293   |  12.3265328407   |
|     416      |      277.0       |        4723.0       |        0.9446        |   10.627   |   1.27078717386   |  12.2078604698   |
|     417      |      289.0       |        4711.0       |        0.9422        |  10.8214   |   1.25221050704   |   12.428994894   |
|     418      |      328.0       |        4672.0       |        0.9344        |  10.8672   |   1.27167264874   |  12.4636669159   |
|     419      |      289.0       |        4711.0       |        0.9422        |  10.6672   |   1.26592111814   |  12.2667236328   |
|     420      |      309.0       |        4691.0       |        0.9382        |   10.766   |   1.26648196714   |  12.4624812603   |
|     421      |      297.0       |        4703.0       |        0.9406        |  10.9084   |   1.26137846422   |  12.6067698002   |
|     422      |      290.0       |        4710.0       |        0.942         |  10.7752   |   1.26466414661   |  12.4975171089   |
|     423      |      276.0       |        4724.0       |        0.9448        |  10.7076   |   1.24868997673   |  12.4064824581   |
|     424      |      284.0       |        4716.0       |        0.9432        |  10.3636   |   1.26172286936   |  12.2018399239   |
|     425      |      299.0       |        4701.0       |        0.9402        |  10.4448   |   1.25727353753   |  12.2394981384   |
|     426      |      288.0       |        4712.0       |        0.9424        |  10.4558   |   1.24962075865   |  12.2571325302   |
|     427      |      305.0       |        4695.0       |        0.939         |  10.7204   |   1.24848631624   |  12.5093269348   |
|     428      |      323.0       |        4677.0       |        0.9354        |  10.5268   |   1.23734585363   |  12.4453926086   |
|     429      |      297.0       |        4703.0       |        0.9406        |   10.506   |   1.25546749893   |  12.3205344677   |
|     430      |      298.0       |        4702.0       |        0.9404        |  10.4548   |   1.25344023585   |  12.3862447739   |
|     431      |      277.0       |        4723.0       |        0.9446        |  10.1124   |    1.2344807285   |  11.9720201492   |
|     432      |      296.0       |        4704.0       |        0.9408        |  10.4062   |   1.25226681791   |  12.4750385284   |
|     433      |      296.0       |        4704.0       |        0.9408        |  10.1088   |   1.24482509107   |  12.0440702438   |
|     434      |      274.0       |        4726.0       |        0.9452        |  10.5822   |   1.24606489484   |  12.5587723255   |
|     435      |      298.0       |        4702.0       |        0.9404        |  10.3404   |   1.25291592886   |    12.3518188    |
|     436      |      293.0       |        4707.0       |        0.9414        |  10.2962   |   1.23968944565   |  12.2978219986   |
+--------------+------------------+---------------------+----------------------+------------+-------------------+------------------+

*Means walk are the number, not the distance.For the distance must be multiplied by epsilon