TEN 2015-10-13 05:32:58.559080

Linux-4.2.0-1-amd64-x86_64-with-debian-stretch-sid
uname_result(system='Linux', node='antu', release='4.2.0-1-amd64', version='#1 SMP Debian 4.2.1-2 (2015-09-27)', machine='x86_64', processor='')

Input parameters:
-----------------
NP radius: 15.000 nm
Foster radius: 2.290 nm
Mean free path: 150.000 nm
Tau_D: 0.333 ns
Number of acceptors: [0, 1, 2, 3, 4, 5, 6, 7, 8, 9, 10, 11, 12, 13, 14, 15, 16, 17, 18, 19, 20, 21, 22, 23, 24, 25, 26, 27, 28, 29, 30, 31, 32, 33, 34, 35, 36, 37, 38, 39, 40, 41, 42, 43, 44, 45, 46, 47, 48, 49, 50, 51, 52, 53, 54, 55, 56, 57, 58, 59, 60, 61, 62, 63, 64, 65, 66, 67, 68, 69, 70, 71, 72, 73, 74, 75, 76, 77, 78, 79, 80, 81, 82, 83, 84, 85, 86, 87, 88, 89, 90, 91, 92, 93, 94, 95, 96, 97, 98, 99, 100, 101, 102, 103, 104, 105, 106, 107, 108, 109, 110, 111, 112, 113, 114, 115, 116, 117, 118, 119, 120, 121, 122, 123, 124, 125, 126, 127, 128, 129, 130, 131, 132, 133, 134, 135, 136, 137, 138, 139, 140, 141, 142, 143, 144, 145, 146, 147, 148, 149, 150, 151, 152, 153, 154, 155, 156, 157, 158, 159, 160, 161, 162, 163, 164, 165, 166, 167, 168, 169, 170, 171, 172, 173, 174, 175, 176, 177, 178, 179, 180, 181, 182, 183, 184, 185, 186, 187, 188, 189, 190, 191, 192, 193, 194, 195, 196, 197, 198, 199, 200, 201, 202, 203, 204, 205, 206, 207, 208, 209, 210, 211, 212, 213, 214, 215, 216, 217, 218, 219, 220, 221, 222, 223, 224, 225, 226, 227, 228, 229, 230, 231, 232, 233, 234, 235, 236, 237, 238, 239, 240, 241, 242, 243, 244, 245, 246, 247, 248, 249, 250, 251, 252, 253, 254, 255, 256, 257, 258, 259, 260, 261, 262, 263, 264, 265, 266, 267, 268, 269, 270, 271, 272, 273, 274, 275, 276, 277, 278, 279, 280, 281, 282, 283, 284, 285, 286, 287, 288, 289, 290, 291, 292, 293, 294, 295, 296, 297, 298, 299, 300, 301, 302, 303, 304, 305, 306, 307, 308, 309, 310, 311, 312, 313, 314, 315, 316, 317, 318, 319, 320, 321, 322, 323, 324, 325, 326, 327, 328, 329, 330, 331, 332, 333, 334, 335, 336, 337, 338, 339, 340, 341, 342, 343, 344, 345, 346, 347, 348, 349, 350, 351, 352, 353, 354, 355, 356, 357, 358, 359, 360, 361, 362, 363, 364, 365, 366, 367, 368, 369, 370, 371, 372, 373, 374, 375, 376, 377, 378, 379, 380, 381, 382, 383, 384, 385, 386, 387, 388, 389, 390, 391, 392, 393, 394, 395, 396, 397, 398, 399, 400, 401, 402, 403, 404, 405, 406, 407, 408, 409, 410, 411, 412, 413, 414, 415, 416, 417, 418, 419, 420, 421, 422, 423, 424, 425, 426, 427, 428, 429, 430, 431, 432, 433, 434, 435, 436]
Epsilon: 1.000 nm
Number of exitations: 5000
Delta_t: 0.002 ns

Output parameters:
------------------
Probability of decay: 0.006644

+--------------+------------------+---------------------+----------------------+------------+-------------------+------------------+
| Nº acceptors | Amount of decays | Amount of transfers | Quenching efficiency | Walk mean* | LD calculate [nm] | Total time [seg] |
+--------------+------------------+---------------------+----------------------+------------+-------------------+------------------+
|      0       |      5000.0      |         0.0         |         0.0          |  148.144   |   3.83241676828   |  59.1188342571   |
|      1       |      4904.0      |         96.0        |        0.0192        |  143.185   |   3.80713039648   |  57.8262951374   |
|      2       |      4803.0      |        197.0        |        0.0394        |  142.596   |   3.81490294308   |   58.524053812   |
|      3       |      4705.0      |        295.0        |        0.059         |  139.3832  |   3.78341937005   |  57.4378771782   |
|      4       |      4561.0      |        439.0        |        0.0878        |  140.0068  |   3.77159958623   |  57.9915761948   |
|      5       |      4509.0      |        491.0        |        0.0982        |  133.802   |   3.76933457439   |  55.5691828728   |
|      6       |      4378.0      |        622.0        |        0.1244        |  132.1736  |   3.69013050088   |  54.9510219097   |
|      7       |      4363.0      |        637.0        |        0.1274        |  129.1296  |   3.67951033619   |  53.9452402592   |
|      8       |      4239.0      |        761.0        |        0.1522        |  123.2572  |   3.63121332802   |  51.7445516586   |
|      9       |      4198.0      |        802.0        |        0.1604        |  122.7018  |   3.60429563387   |  51.5842654705   |
|      10      |      4114.0      |        886.0        |        0.1772        |  123.5586  |   3.60659258944   |  52.1685094833   |
|      11      |      3992.0      |        1008.0       |        0.2016        |  116.3818  |   3.60595026143   |  49.3676178455   |
|      12      |      3941.0      |        1059.0       |        0.2118        |  116.6888  |   3.49407932712   |  49.6920146942   |
|      13      |      3853.0      |        1147.0       |        0.2294        |  118.2856  |    3.5233833821   |  50.3840529919   |
|      14      |      3786.0      |        1214.0       |        0.2428        |  112.3614  |   3.48485686733   |   47.956151247   |
|      15      |      3769.0      |        1231.0       |        0.2462        |  111.467   |   3.50707578786   |   47.930324316   |
|      16      |      3666.0      |        1334.0       |        0.2668        |  108.4006  |   3.40039268967   |  46.5006821156   |
|      17      |      3602.0      |        1398.0       |        0.2796        |  108.487   |   3.46541745958   |  46.7285161018   |
|      18      |      3568.0      |        1432.0       |        0.2864        |  105.4732  |   3.39973530557   |  45.7467155457   |
|      19      |      3508.0      |        1492.0       |        0.2984        |  107.336   |   3.41397101654   |  46.5926570892   |
|      20      |      3428.0      |        1572.0       |        0.3144        |  102.6714  |   3.36164192303   |  44.8157889843   |
|      21      |      3383.0      |        1617.0       |        0.3234        |  101.2242  |   3.38488460077   |  44.1320624352   |
|      22      |      3348.0      |        1652.0       |        0.3304        |  100.1778  |   3.33450703324   |  43.8431282043   |
|      23      |      3314.0      |        1686.0       |        0.3372        |  94.7434   |    3.2896226552   |  41.5325593948   |
|      24      |      3202.0      |        1798.0       |        0.3596        |  96.0884   |   3.28955183496   |  42.3460478783   |
|      25      |      3235.0      |        1765.0       |        0.353         |  94.9104   |   3.25967322793   |   42.000685215   |
|      26      |      3156.0      |        1844.0       |        0.3688        |  94.2598   |   3.25913362702   |  41.9087166786   |
|      27      |      3066.0      |        1934.0       |        0.3868        |  90.6496   |   3.21466892137   |  40.3227005005   |
|      28      |      3034.0      |        1966.0       |        0.3932        |  87.9814   |   3.18442266386   |  39.2835450172   |
|      29      |      3001.0      |        1999.0       |        0.3998        |   87.857   |   3.19051512435   |  39.3742740154   |
|      30      |      2890.0      |        2110.0       |        0.422         |  89.4178   |   3.19891347066   |  40.1244523525   |
|      31      |      2903.0      |        2097.0       |        0.4194        |   86.351   |    3.1286899609   |  38.8890178204   |
|      32      |      2838.0      |        2162.0       |        0.4324        |  85.4712   |   3.10542385756   |  38.5459575653   |
|      33      |      2861.0      |        2139.0       |        0.4278        |  84.2554   |   3.10743684376   |   38.149936676   |
|      34      |      2755.0      |        2245.0       |        0.449         |  83.8802   |   3.11096250001   |  38.1987099648   |
|      35      |      2755.0      |        2245.0       |        0.449         |  82.0026   |     3.06943842    |  37.6287229061   |
|      36      |      2727.0      |        2273.0       |        0.4546        |   80.157   |   3.07048886182   |  36.7061331272   |
|      37      |      2687.0      |        2313.0       |        0.4626        |   78.572   |   3.03304023093   |  36.0382678509   |
|      38      |      2643.0      |        2357.0       |        0.4714        |  76.9176   |   3.01790476046   |  35.4970109463   |
|      39      |      2620.0      |        2380.0       |        0.476         |  75.5398   |   3.02017102049   |  34.9379498959   |
|      40      |      2521.0      |        2479.0       |        0.4958        |  76.3558   |   3.00939531103   |  35.7362766266   |
|      41      |      2539.0      |        2461.0       |        0.4922        |  75.6566   |   2.99672813976   |  35.2059311867   |
|      42      |      2494.0      |        2506.0       |        0.5012        |  73.0528   |   2.95892364088   |  34.2054970264   |
|      43      |      2484.0      |        2516.0       |        0.5032        |  76.0556   |   2.98973117789   |  35.8309078217   |
|      44      |      2494.0      |        2506.0       |        0.5012        |  73.3116   |   2.93139163798   |  34.7583334446   |
|      45      |      2451.0      |        2549.0       |        0.5098        |  72.7266   |    2.9539883024   |  34.6868104935   |
|      46      |      2358.0      |        2642.0       |        0.5284        |  72.0762   |   2.95130807748   |  34.4205951691   |
|      47      |      2367.0      |        2633.0       |        0.5266        |  68.4054   |    2.8763075446   |  32.6924452782   |
|      48      |      2297.0      |        2703.0       |        0.5406        |  69.3626   |   2.88984957687   |  33.2077989578   |
|      49      |      2294.0      |        2706.0       |        0.5412        |  69.5644   |   2.91753967755   |  33.4842460155   |
|      50      |      2246.0      |        2754.0       |        0.5508        |  66.6092   |   2.83571961844   |  32.1161391735   |
|      51      |      2258.0      |        2742.0       |        0.5484        |  68.2988   |   2.87073485822   |   33.052362442   |
|      52      |      2283.0      |        2717.0       |        0.5434        |  66.4394   |   2.86360027068   |  32.3520789146   |
|      53      |      2185.0      |        2815.0       |        0.563         |  65.9046   |   2.81856475568   |  32.1003160477   |
|      54      |      2240.0      |        2760.0       |        0.552         |  63.6748   |   2.82526867318   |  31.0010054111   |
|      55      |      2166.0      |        2834.0       |        0.5668        |  64.4094   |   2.81204051809   |  31.5468776226   |
|      56      |      2173.0      |        2827.0       |        0.5654        |  65.1212   |   2.81875908574   |  31.8545429707   |
|      57      |      2103.0      |        2897.0       |        0.5794        |   63.118   |   2.77741426877   |  30.9786121845   |
|      58      |      2152.0      |        2848.0       |        0.5696        |  62.3786   |    2.7789656371   |  30.8049044609   |
|      59      |      2082.0      |        2918.0       |        0.5836        |  61.1138   |   2.76627303139   |  30.2715644836   |
|      60      |      2080.0      |        2920.0       |        0.584         |  61.7226   |   2.76418873062   |  30.6978831291   |
|      61      |      2058.0      |        2942.0       |        0.5884        |  60.6252   |   2.76260281486   |  30.0910568237   |
|      62      |      2022.0      |        2978.0       |        0.5956        |  59.6006   |   2.70123052379   |  29.8479411602   |
|      63      |      2009.0      |        2991.0       |        0.5982        |  58.7558   |   2.67354742653   |  29.4852101803   |
|      64      |      1980.0      |        3020.0       |        0.604         |  58.7146   |   2.69008336063   |  29.6339175701   |
|      65      |      1959.0      |        3041.0       |        0.6082        |  56.7004   |   2.66485117489   |  28.4827370644   |
|      66      |      1921.0      |        3079.0       |        0.6158        |  57.5158   |   2.67333539008   |  29.0006210804   |
|      67      |      1832.0      |        3168.0       |        0.6336        |   56.455   |   2.68441680912   |  28.6894259453   |
|      68      |      1873.0      |        3127.0       |        0.6254        |   56.201   |    2.6469438372   |   28.72255826    |
|      69      |      1854.0      |        3146.0       |        0.6292        |   56.011   |    2.6711555887   |  28.5428738594   |
|      70      |      1886.0      |        3114.0       |        0.6228        |   55.249   |   2.68946179341   |   28.248039484   |
|      71      |      1830.0      |        3170.0       |        0.634         |  54.5004   |   2.60587901769   |   27.973950386   |
|      72      |      1760.0      |        3240.0       |        0.648         |  52.8798   |   2.57846160083   |  27.2611162663   |
|      73      |      1807.0      |        3193.0       |        0.6386        |  53.7616   |   2.62814177027   |   27.686829567   |
|      74      |      1780.0      |        3220.0       |        0.644         |  52.9266   |   2.59360766086   |  27.3018193245   |
|      75      |      1713.0      |        3287.0       |        0.6574        |  53.0152   |   2.62655081633   |  27.6077370644   |
|      76      |      1785.0      |        3215.0       |        0.643         |   51.637   |    2.559337838    |  26.9182212353   |
|      77      |      1790.0      |        3210.0       |        0.642         |  52.0006   |   2.55349671426   |  27.1568033695   |
|      78      |      1739.0      |        3261.0       |        0.6522        |  50.3556   |   2.57468967586   |   26.419229269   |
|      79      |      1674.0      |        3326.0       |        0.6652        |  50.7074   |   2.53884351412   |  26.7629623413   |
|      80      |      1657.0      |        3343.0       |        0.6686        |  49.5814   |   2.50078459123   |   26.092975378   |
|      81      |      1676.0      |        3324.0       |        0.6648        |  49.7694   |   2.55842684656   |  26.2985491753   |
|      82      |      1667.0      |        3333.0       |        0.6666        |  49.5494   |   2.51394165055   |  26.1982402802   |
|      83      |      1676.0      |        3324.0       |        0.6648        |   46.982   |   2.48761031333   |  25.0591425896   |
|      84      |      1616.0      |        3384.0       |        0.6768        |  49.0358   |   2.51219064768   |  26.1752245426   |
|      85      |      1599.0      |        3401.0       |        0.6802        |   47.143   |   2.46377304916   |  25.1875119209   |
|      86      |      1611.0      |        3389.0       |        0.6778        |  47.1212   |   2.47211453689   |  25.2121248245   |
|      87      |      1577.0      |        3423.0       |        0.6846        |   47.031   |   2.47880100999   |  25.2094399929   |
|      88      |      1559.0      |        3441.0       |        0.6882        |  45.0348   |   2.43688994502   |   24.167109251   |
|      89      |      1538.0      |        3462.0       |        0.6924        |  46.5762   |   2.44079013945   |  25.0061867237   |
|      90      |      1575.0      |        3425.0       |        0.685         |  44.7098   |   2.39425392113   |  24.1965939999   |
|      91      |      1471.0      |        3529.0       |        0.7058        |   43.75    |   2.40556995382   |  23.7786605358   |
|      92      |      1531.0      |        3469.0       |        0.6938        |  44.6438   |   2.42143417838   |  24.3933010101   |
|      93      |      1517.0      |        3483.0       |        0.6966        |  43.6922   |   2.39462662152   |  23.8490455151   |
|      94      |      1481.0      |        3519.0       |        0.7038        |  43.8882   |   2.42984719684   |  24.0796732903   |
|      95      |      1498.0      |        3502.0       |        0.7004        |  44.5938   |   2.36545273217   |  24.5410325527   |
|      96      |      1458.0      |        3542.0       |        0.7084        |  43.8462   |   2.36448124514   |  24.2496156693   |
|      97      |      1461.0      |        3539.0       |        0.7078        |  44.3552   |    2.4117684292   |  24.4841525555   |
|      98      |      1468.0      |        3532.0       |        0.7064        |  42.4536   |   2.30740472522   |   23.438126564   |
|      99      |      1445.0      |        3555.0       |        0.711         |  41.9578   |   2.35240244111   |  23.2190523148   |
|     100      |      1406.0      |        3594.0       |        0.7188        |  41.0628   |   2.33296889835   |   22.835082531   |
|     101      |      1439.0      |        3561.0       |        0.7122        |   41.033   |   2.30985657404   |  22.8448109627   |
|     102      |      1395.0      |        3605.0       |        0.721         |  41.0394   |   2.32502792265   |   22.955286026   |
|     103      |      1406.0      |        3594.0       |        0.7188        |  40.5078   |   2.30781395972   |  22.6726465225   |
|     104      |      1414.0      |        3586.0       |        0.7172        |   40.098   |    2.291444496    |   22.543410778   |
|     105      |      1316.0      |        3684.0       |        0.7368        |  39.0224   |   2.24298328001   |  21.9844708443   |
|     106      |      1357.0      |        3643.0       |        0.7286        |  40.0832   |    2.2892028392   |  22.6436457634   |
|     107      |      1381.0      |        3619.0       |        0.7238        |  39.0426   |   2.27759858171   |  22.2642524242   |
|     108      |      1377.0      |        3623.0       |        0.7246        |   38.705   |   2.26513520164   |  22.0477688313   |
|     109      |      1333.0      |        3667.0       |        0.7334        |   38.185   |   2.23997463377   |  21.7861771584   |
|     110      |      1334.0      |        3666.0       |        0.7332        |   38.861   |   2.27033082581   |  22.2872297764   |
|     111      |      1323.0      |        3677.0       |        0.7354        |  38.3456   |   2.28023146922   |  22.0139644146   |
|     112      |      1330.0      |        3670.0       |        0.734         |   36.998   |   2.24671404682   |  21.3926744461   |
|     113      |      1276.0      |        3724.0       |        0.7448        |  36.5674   |   2.21767105144   |  21.1139750481   |
|     114      |      1263.0      |        3737.0       |        0.7474        |   37.155   |   2.24380980258   |   21.485742569   |
|     115      |      1242.0      |        3758.0       |        0.7516        |  37.3098   |    2.2237969539   |   21.583738327   |
|     116      |      1255.0      |        3745.0       |        0.749         |  37.6408   |   2.19876371512   |  21.9283795357   |
|     117      |      1268.0      |        3732.0       |        0.7464        |  36.0704   |    2.1849117051   |   21.111644268   |
|     118      |      1177.0      |        3823.0       |        0.7646        |   35.58    |   2.19001866209   |  20.8029301167   |
|     119      |      1198.0      |        3802.0       |        0.7604        |  37.4258   |   2.24989593124   |  21.9462945461   |
|     120      |      1198.0      |        3802.0       |        0.7604        |  36.1816   |   2.19972294535   |  21.2505483627   |
|     121      |      1139.0      |        3861.0       |        0.7722        |  35.4206   |   2.20174870219   |   20.838290453   |
|     122      |      1215.0      |        3785.0       |        0.757         |  35.2324   |   2.17634169194   |  20.7222261429   |
|     123      |      1147.0      |        3853.0       |        0.7706        |  34.9388   |   2.18271315296   |  20.6886906624   |
|     124      |      1209.0      |        3791.0       |        0.7582        |   35.204   |   2.15774137966   |  21.0104544163   |
|     125      |      1223.0      |        3777.0       |        0.7554        |  34.9574   |   2.17707723098   |  20.7633905411   |
|     126      |      1236.0      |        3764.0       |        0.7528        |  34.7198   |   2.17274323204   |  20.6345565319   |
|     127      |      1159.0      |        3841.0       |        0.7682        |  34.8776   |   2.16052515308   |  20.8356609344   |
|     128      |      1086.0      |        3914.0       |        0.7828        |  34.5294   |    2.1391276537   |  21.0100460052   |
|     129      |      1131.0      |        3869.0       |        0.7738        |  33.5286   |   2.10215154643   |  20.3555502892   |
|     130      |      1106.0      |        3894.0       |        0.7788        |  34.3302   |   2.14799433459   |   21.024892807   |
|     131      |      1157.0      |        3843.0       |        0.7686        |  33.3852   |   2.13391379298   |  20.4557702541   |
|     132      |      1133.0      |        3867.0       |        0.7734        |  32.9492   |   2.08934559438   |   20.206379652   |
|     133      |      1164.0      |        3836.0       |        0.7672        |  32.8206   |   2.10677899691   |  20.1056222916   |
|     134      |      1149.0      |        3851.0       |        0.7702        |  32.2462   |   2.08529241648   |  19.8855712414   |
|     135      |      1073.0      |        3927.0       |        0.7854        |   32.852   |   2.11424904269   |  20.2604074478   |
|     136      |      1122.0      |        3878.0       |        0.7756        |  31.9838   |   2.08516283683   |  19.8295550346   |
|     137      |      1113.0      |        3887.0       |        0.7774        |  31.4714   |   2.06685186151   |  19.5175359249   |
|     138      |      1056.0      |        3944.0       |        0.7888        |  31.9926   |   2.06696636704   |  19.9143857956   |
|     139      |      1083.0      |        3917.0       |        0.7834        |  30.6302   |   2.06856349728   |  19.1085276604   |
|     140      |      1155.0      |        3845.0       |        0.769         |  31.3894   |   2.07146281634   |  19.7341632843   |
|     141      |      1106.0      |        3894.0       |        0.7788        |  31.3582   |   2.07841302996   |   19.742777586   |
|     142      |      1061.0      |        3939.0       |        0.7878        |   29.781   |   2.01065844564   |  18.7787818909   |
|     143      |      1079.0      |        3921.0       |        0.7842        |  31.1192   |   2.04558801024   |   19.619587183   |
|     144      |      1023.0      |        3977.0       |        0.7954        |  30.4908   |   2.05426427676   |  19.3044250011   |
|     145      |      996.0       |        4004.0       |        0.8008        |   30.815   |   2.06276582293   |  19.5009770393   |
|     146      |      1024.0      |        3976.0       |        0.7952        |  30.0958   |   2.02239816373   |  19.1333563328   |
|     147      |      1049.0      |        3951.0       |        0.7902        |  29.9526   |   2.01333845503   |  19.0559182167   |
|     148      |      966.0       |        4034.0       |        0.8068        |  29.4552   |   2.00316143583   |  18.9030847549   |
|     149      |      1016.0      |        3984.0       |        0.7968        |  29.3464   |   2.00968690144   |  18.8986217976   |
|     150      |      958.0       |        4042.0       |        0.8084        |  28.8536   |   1.98402010738   |  18.4937033653   |
|     151      |      963.0       |        4037.0       |        0.8074        |  29.1618   |   1.98682989707   |  18.8682410717   |
|     152      |      978.0       |        4022.0       |        0.8044        |   29.211   |   2.02541009505   |  18.9232318401   |
|     153      |      1026.0      |        3974.0       |        0.7948        |  29.2566   |   2.02022133073   |  18.9701237679   |
|     154      |      992.0       |        4008.0       |        0.8016        |  28.4834   |   1.97633118845   |  18.5892248154   |
|     155      |      979.0       |        4021.0       |        0.8042        |  28.5594   |   1.95425946571   |  18.5990607738   |
|     156      |      1019.0      |        3981.0       |        0.7962        |  28.0568   |   1.97067697562   |  18.2786931992   |
|     157      |      945.0       |        4055.0       |        0.811         |  27.7662   |   1.99092138803   |   18.123837471   |
|     158      |      956.0       |        4044.0       |        0.8088        |  27.4926   |   1.95683264793   |  17.9977843761   |
|     159      |      1003.0      |        3997.0       |        0.7994        |  27.8672   |   1.96530588137   |  18.2419135571   |
|     160      |      915.0       |        4085.0       |        0.817         |  27.7164   |   1.96563075951   |  18.3822767735   |
|     161      |      890.0       |        4110.0       |        0.822         |  26.8516   |   1.91133683829   |  17.7066690922   |
|     162      |      893.0       |        4107.0       |        0.8214        |   27.708   |   1.92752363368   |  18.2906787395   |
|     163      |      884.0       |        4116.0       |        0.8232        |  26.9142   |   1.93284647897   |   17.887966156   |
|     164      |      921.0       |        4079.0       |        0.8158        |  28.0448   |   1.94132691662   |  18.6302952766   |
|     165      |      910.0       |        4090.0       |        0.818         |  26.5322   |   1.91852164166   |  17.5974330902   |
|     166      |      934.0       |        4066.0       |        0.8132        |   27.402   |    1.938941326    |   18.351675272   |
|     167      |      924.0       |        4076.0       |        0.8152        |  27.0692   |   1.93171521345   |  18.2613589764   |
|     168      |      907.0       |        4093.0       |        0.8186        |   26.112   |   1.90331918005   |  17.7003288269   |
|     169      |      917.0       |        4083.0       |        0.8166        |  25.9706   |   1.90229046479   |  17.6585793495   |
|     170      |      924.0       |        4076.0       |        0.8152        |  26.0448   |   1.88119013161   |  17.7322630882   |
|     171      |      903.0       |        4097.0       |        0.8194        |   25.519   |   1.87173289137   |   17.397926569   |
|     172      |      911.0       |        4089.0       |        0.8178        |  25.5404   |   1.88929354564   |  17.4364514351   |
|     173      |      884.0       |        4116.0       |        0.8232        |  25.2344   |   1.88770833417   |  17.2292730808   |
|     174      |      913.0       |        4087.0       |        0.8174        |  25.5446   |   1.90517559594   |  17.6088480949   |
|     175      |      882.0       |        4118.0       |        0.8236        |  25.3724   |    1.8796188694   |  17.5012204647   |
|     176      |      853.0       |        4147.0       |        0.8294        |   24.783   |   1.86988253749   |  17.1884388924   |
|     177      |      866.0       |        4134.0       |        0.8268        |  24.9536   |   1.87962105721   |  17.3117341995   |
|     178      |      871.0       |        4129.0       |        0.8258        |   25.285   |   1.87713436958   |  17.7017393112   |
|     179      |      845.0       |        4155.0       |        0.831         |  24.3516   |   1.87050131777   |   16.993666172   |
|     180      |      837.0       |        4163.0       |        0.8326        |  24.1346   |   1.84305775159   |  17.0944149494   |
|     181      |      875.0       |        4125.0       |        0.825         |  23.8742   |   1.81522757961   |  16.8478703499   |
|     182      |      823.0       |        4177.0       |        0.8354        |  24.0686   |    1.8406360968   |  16.9110841751   |
|     183      |      839.0       |        4161.0       |        0.8322        |  24.5112   |   1.84922341911   |  17.2174508572   |
|     184      |      865.0       |        4135.0       |        0.827         |  23.8958   |   1.83430979242   |   16.898670435   |
|     185      |      829.0       |        4171.0       |        0.8342        |  24.1364   |   1.81616081585   |  17.0072817802   |
|     186      |      812.0       |        4188.0       |        0.8376        |  24.1858   |   1.81918847239   |  17.1029787064   |
|     187      |      848.0       |        4152.0       |        0.8304        |  23.5952   |   1.82267400467   |  16.7551615238   |
|     188      |      793.0       |        4207.0       |        0.8414        |  23.3924   |   1.80917575936   |  16.6974744797   |
|     189      |      776.0       |        4224.0       |        0.8448        |  22.4482   |   1.77129674692   |  16.0219445229   |
|     190      |      814.0       |        4186.0       |        0.8372        |  23.1842   |   1.78906549396   |  16.6144089699   |
|     191      |      788.0       |        4212.0       |        0.8424        |  22.8888   |   1.77284395024   |  16.4021170139   |
|     192      |      775.0       |        4225.0       |        0.845         |  22.3928   |   1.79952971084   |  16.1962945461   |
|     193      |      765.0       |        4235.0       |        0.847         |  22.9262   |   1.79350484302   |  16.5047445297   |
|     194      |      795.0       |        4205.0       |        0.841         |  22.7456   |   1.79257273126   |  16.3859717846   |
|     195      |      806.0       |        4194.0       |        0.8388        |  22.3266   |   1.77624308531   |  16.0723869801   |
|     196      |      801.0       |        4199.0       |        0.8398        |  22.6518   |   1.77281924572   |   16.42958951    |
|     197      |      769.0       |        4231.0       |        0.8462        |  21.9802   |   1.74237859254   |  15.9816219807   |
|     198      |      793.0       |        4207.0       |        0.8414        |   22.624   |    1.7955082538   |  16.5259816647   |
|     199      |      769.0       |        4231.0       |        0.8462        |  22.3288   |   1.78598604726   |  16.3040151596   |
|     200      |      757.0       |        4243.0       |        0.8486        |   21.403   |   1.75826118333   |  15.7372810841   |
|     201      |      754.0       |        4246.0       |        0.8492        |  22.1844   |   1.77114391576   |  16.2234182358   |
|     202      |      762.0       |        4238.0       |        0.8476        |   21.846   |   1.75666882864   |  16.0075850487   |
|     203      |      747.0       |        4253.0       |        0.8506        |  21.8374   |   1.74492056853   |   15.988291502   |
|     204      |      726.0       |        4274.0       |        0.8548        |  21.7872   |   1.74476193004   |  16.1548964977   |
|     205      |      762.0       |        4238.0       |        0.8476        |  22.0788   |   1.75714516703   |  16.2935597897   |
|     206      |      736.0       |        4264.0       |        0.8528        |  22.0136   |   1.77258180651   |  16.3408398628   |
|     207      |      738.0       |        4262.0       |        0.8524        |  21.3618   |   1.74905307173   |  15.9092307091   |
|     208      |      703.0       |        4297.0       |        0.8594        |  21.4044   |   1.73891607116   |  16.1644310951   |
|     209      |      716.0       |        4284.0       |        0.8568        |  20.8944   |   1.73748136046   |  15.6572282314   |
|     210      |      755.0       |        4245.0       |        0.849         |  20.7154   |   1.69637666575   |  15.5399177074   |
|     211      |      739.0       |        4261.0       |        0.8522        |  20.5456   |   1.70828047607   |  15.3737459183   |
|     212      |      710.0       |        4290.0       |        0.858         |  21.3258   |   1.76333193421   |   16.056552887   |
|     213      |      702.0       |        4298.0       |        0.8596        |  20.8234   |    1.7320072762   |  15.7201321125   |
|     214      |      711.0       |        4289.0       |        0.8578        |  20.3354   |   1.71236330329   |  15.3502595425   |
|     215      |      749.0       |        4251.0       |        0.8502        |   20.417   |   1.71790948088   |  15.4099869728   |
|     216      |      696.0       |        4304.0       |        0.8608        |  19.9684   |   1.70290510627   |  15.1980736256   |
|     217      |      684.0       |        4316.0       |        0.8632        |  20.0606   |   1.66638789305   |  15.3275442123   |
|     218      |      712.0       |        4288.0       |        0.8576        |  19.7222   |   1.65122687079   |  15.1405870914   |
|     219      |      719.0       |        4281.0       |        0.8562        |  19.8282   |   1.69219155388   |  15.2368900776   |
|     220      |      697.0       |        4303.0       |        0.8606        |  19.8422   |   1.66867098458   |  15.2012293339   |
|     221      |      680.0       |        4320.0       |        0.864         |  20.4362   |   1.69481550035   |  15.6675157547   |
|     222      |      640.0       |        4360.0       |        0.872         |   20.118   |   1.69837133982   |   15.51065135    |
|     223      |      703.0       |        4297.0       |        0.8594        |  19.1678   |   1.66301678271   |   14.871540308   |
|     224      |      733.0       |        4267.0       |        0.8534        |  19.8594   |   1.69597668461   |  15.3253526688   |
|     225      |      680.0       |        4320.0       |        0.864         |  19.7338   |    1.6763905301   |  15.3846533298   |
|     226      |      688.0       |        4312.0       |        0.8624        |   18.896   |   1.65155710101   |  14.7964143753   |
|     227      |      674.0       |        4326.0       |        0.8652        |   19.129   |   1.62805752774   |  14.9483947754   |
|     228      |      682.0       |        4318.0       |        0.8636        |  19.0358   |   1.67433123773   |  14.9250133038   |
|     229      |      707.0       |        4293.0       |        0.8586        |  18.8624   |    1.6476859273   |  14.8310854435   |
|     230      |      676.0       |        4324.0       |        0.8648        |  19.2434   |   1.67076903822   |  15.1558189392   |
|     231      |      686.0       |        4314.0       |        0.8628        |  18.9132   |   1.65059773156   |  14.8668503761   |
|     232      |      635.0       |        4365.0       |        0.873         |  19.1102   |   1.66062550915   |  15.0498394966   |
|     233      |      664.0       |        4336.0       |        0.8672        |  18.1738   |   1.60063134924   |  14.4616088867   |
|     234      |      651.0       |        4349.0       |        0.8698        |  18.9716   |    1.6477050739   |  15.0194115639   |
|     235      |      624.0       |        4376.0       |        0.8752        |  18.6346   |    1.643070983    |  14.8050634861   |
|     236      |      673.0       |        4327.0       |        0.8654        |  18.3876   |   1.61776372095   |  14.8567986488   |
|     237      |      668.0       |        4332.0       |        0.8664        |  18.5678   |   1.63189403963   |  14.9309165478   |
|     238      |      670.0       |        4330.0       |        0.866         |  18.1614   |   1.60426316926   |  14.5617938042   |
|     239      |      669.0       |        4331.0       |        0.8662        |  18.3572   |   1.64493043518   |  14.6305332184   |
|     240      |      659.0       |        4341.0       |        0.8682        |  18.3188   |   1.57982579995   |  14.7488465309   |
|     241      |      687.0       |        4313.0       |        0.8626        |  18.1084   |   1.60688701102   |  14.5688676834   |
|     242      |      580.0       |        4420.0       |        0.884         |  18.1558   |   1.62735296016   |  14.6864535809   |
|     243      |      624.0       |        4376.0       |        0.8752        |  17.7228   |   1.58100875227   |  14.3143475056   |
|     244      |      619.0       |        4381.0       |        0.8762        |  17.3714   |   1.58056075592   |   14.257979393   |
|     245      |      646.0       |        4354.0       |        0.8708        |  17.1126   |   1.56416662925   |  13.9277739525   |
|     246      |      587.0       |        4413.0       |        0.8826        |  17.4904   |   1.58683394323   |  14.3293766975   |
|     247      |      635.0       |        4365.0       |        0.873         |   17.862   |    1.6015722604   |  14.5953857899   |
|     248      |      594.0       |        4406.0       |        0.8812        |  17.5932   |   1.58171723225   |  14.4218375683   |
|     249      |      610.0       |        4390.0       |        0.878         |  17.2378   |   1.58237275215   |  14.2294826508   |
|     250      |      628.0       |        4372.0       |        0.8744        |  17.4958   |   1.58709428161   |  14.4028811455   |
|     251      |      586.0       |        4414.0       |        0.8828        |  17.2486   |   1.57279856165   |  14.3017539978   |
|     252      |      621.0       |        4379.0       |        0.8758        |   16.922   |   1.55439818606   |  14.0707025528   |
|     253      |      609.0       |        4391.0       |        0.8782        |   16.845   |   1.59793578391   |   13.973089695   |
|     254      |      579.0       |        4421.0       |        0.8842        |  16.6928   |   1.55139530534   |  13.9797017574   |
|     255      |      602.0       |        4398.0       |        0.8796        |  17.0006   |   1.55570520458   |  14.1727390289   |
|     256      |      604.0       |        4396.0       |        0.8792        |  16.9174   |   1.56342010959   |  14.1614642143   |
|     257      |      548.0       |        4452.0       |        0.8904        |  16.8974   |   1.54268021394   |  14.1424672604   |
|     258      |      579.0       |        4421.0       |        0.8842        |  16.8632   |   1.54696362244   |  14.1239826679   |
|     259      |      582.0       |        4418.0       |        0.8836        |  16.2234   |   1.52854052257   |  13.7297041416   |
|     260      |      527.0       |        4473.0       |        0.8946        |  16.6804   |   1.56909799234   |  14.0952198505   |
|     261      |      555.0       |        4445.0       |        0.889         |  15.7402   |   1.52414561429   |  13.3255963326   |
|     262      |      616.0       |        4384.0       |        0.8768        |  16.0848   |   1.53662656448   |  13.7397933006   |
|     263      |      579.0       |        4421.0       |        0.8842        |  16.3796   |   1.54342566815   |  13.9470221996   |
|     264      |      575.0       |        4425.0       |        0.885         |   15.858   |   1.51674452491   |  13.6927103996   |
|     265      |      588.0       |        4412.0       |        0.8824        |  16.7964   |   1.56074222355   |  14.3318822384   |
|     266      |      547.0       |        4453.0       |        0.8906        |  15.9174   |   1.52987503781   |  13.7811117172   |
|     267      |      583.0       |        4417.0       |        0.8834        |  16.3478   |   1.52317695595   |  13.9364891052   |
|     268      |      575.0       |        4425.0       |        0.885         |  15.6994   |   1.50419533585   |   13.54596138    |
|     269      |      595.0       |        4405.0       |        0.881         |  15.9424   |   1.51235209562   |  13.7264082432   |
|     270      |      536.0       |        4464.0       |        0.8928        |   15.661   |   1.50009712127   |   13.533608675   |
|     271      |      579.0       |        4421.0       |        0.8842        |  15.9514   |   1.50360952766   |  13.7610089779   |
|     272      |      526.0       |        4474.0       |        0.8948        |  15.6394   |   1.49576744537   |  13.5788478851   |
|     273      |      508.0       |        4492.0       |        0.8984        |   16.073   |    1.5144825332   |  13.8507609367   |
|     274      |      598.0       |        4402.0       |        0.8804        |  15.3648   |   1.50643701674   |  13.4561622143   |
|     275      |      541.0       |        4459.0       |        0.8918        |  15.7876   |   1.51010862548   |  13.6874420643   |
|     276      |      554.0       |        4446.0       |        0.8892        |  15.4986   |   1.50561117114   |  13.5531704426   |
|     277      |      549.0       |        4451.0       |        0.8902        |   15.717   |   1.50534822619   |   13.70312953    |
|     278      |      517.0       |        4483.0       |        0.8966        |  15.6806   |   1.51460683702   |   13.70373559    |
|     279      |      515.0       |        4485.0       |        0.897         |  14.9546   |   1.45263177352   |  13.1056599617   |
|     280      |      557.0       |        4443.0       |        0.8886        |  14.6826   |   1.45014115792   |  13.0116939545   |
|     281      |      546.0       |        4454.0       |        0.8908        |  15.8294   |   1.50058051567   |  13.9124109745   |
|     282      |      497.0       |        4503.0       |        0.9006        |  15.4838   |   1.49634669023   |  13.6525790691   |
|     283      |      530.0       |        4470.0       |        0.894         |  14.8446   |   1.43491643275   |  13.1422095299   |
|     284      |      510.0       |        4490.0       |        0.898         |   15.338   |   1.49852620763   |  13.6640350819   |
|     285      |      510.0       |        4490.0       |        0.898         |  15.1854   |   1.47174216768   |  13.4531254768   |
|     286      |      519.0       |        4481.0       |        0.8962        |  15.2062   |   1.48000194839   |  13.6270809174   |
|     287      |      478.0       |        4522.0       |        0.9044        |  14.6952   |   1.47104741588   |  13.2301614285   |
|     288      |      544.0       |        4456.0       |        0.8912        |  15.0382   |   1.47664625284   |  13.5280592442   |
|     289      |      533.0       |        4467.0       |        0.8934        |   14.991   |   1.46138708141   |  13.4457030296   |
|     290      |      503.0       |        4497.0       |        0.8994        |  14.7546   |   1.47000638275   |  13.3491518497   |
|     291      |      503.0       |        4497.0       |        0.8994        |  14.1982   |    1.4359656008   |  12.8738007545   |
|     292      |      529.0       |        4471.0       |        0.8942        |  14.9318   |   1.49031404655   |  13.6567926407   |
|     293      |      487.0       |        4513.0       |        0.9026        |  14.1732   |   1.42409543423   |  12.9658265114   |
|     294      |      504.0       |        4496.0       |        0.8992        |  14.3304   |   1.45516060501   |  13.0861136913   |
|     295      |      518.0       |        4482.0       |        0.8964        |  14.3696   |   1.44687549418   |  12.9777112007   |
|     296      |      493.0       |        4507.0       |        0.9014        |  14.2256   |   1.44726486288   |  13.0087649822   |
|     297      |      485.0       |        4515.0       |        0.903         |  14.3816   |    1.4489622205   |  13.0883853436   |
|     298      |      510.0       |        4490.0       |        0.898         |  14.1546   |   1.42726614599   |  13.0148184299   |
|     299      |      530.0       |        4470.0       |        0.894         |  13.8324   |    1.4331046703   |  12.6617341042   |
|     300      |      514.0       |        4486.0       |        0.8972        |  13.8742   |   1.44032255678   |  12.8386111259   |
|     301      |      497.0       |        4503.0       |        0.9006        |  13.8222   |   1.41746555038   |  12.7725279331   |
|     302      |      508.0       |        4492.0       |        0.8984        |  13.7852   |   1.41779551815   |  12.7581698895   |
|     303      |      507.0       |        4493.0       |        0.8986        |  13.8584   |   1.41312117747   |  12.8529398441   |
|     304      |      499.0       |        4501.0       |        0.9002        |  14.1188   |   1.42536401206   |  13.0926105976   |
|     305      |      508.0       |        4492.0       |        0.8984        |  13.8464   |   1.40562770991   |  12.9388408661   |
|     306      |      505.0       |        4495.0       |        0.899         |   13.953   |   1.40896850722   |  12.9760148525   |
|     307      |      505.0       |        4495.0       |        0.899         |  13.4982   |   1.40236056987   |  12.6578505039   |
|     308      |      468.0       |        4532.0       |        0.9064        |  13.3122   |   1.39550594571   |  12.5586702824   |
|     309      |      463.0       |        4537.0       |        0.9074        |  13.6546   |   1.42255482167   |   12.799251318   |
|     310      |      459.0       |        4541.0       |        0.9082        |  13.5602   |   1.41225976466   |  12.7937436104   |
|     311      |      504.0       |        4496.0       |        0.8992        |  13.5422   |   1.41678961841   |  12.8053073883   |
|     312      |      476.0       |        4524.0       |        0.9048        |  12.9054   |   1.38576720009   |  12.2695438862   |
|     313      |      486.0       |        4514.0       |        0.9028        |   13.137   |    1.3894326002   |  12.4963023663   |
|     314      |      520.0       |        4480.0       |        0.896         |   13.546   |   1.40738385493   |  12.7683849335   |
|     315      |      476.0       |        4524.0       |        0.9048        |  13.5694   |   1.40884942446   |  12.7643187046   |
|     316      |      450.0       |        4550.0       |         0.91         |  13.0462   |   1.38866948134   |  12.4883987904   |
|     317      |      488.0       |        4512.0       |        0.9024        |  13.0038   |   1.38555757274   |  12.3888814449   |
|     318      |      470.0       |        4530.0       |        0.906         |   13.142   |   1.38774711195   |  12.5539433956   |
|     319      |      466.0       |        4534.0       |        0.9068        |  13.2002   |   1.38813121792   |   12.605629921   |
|     320      |      464.0       |        4536.0       |        0.9072        |  13.0624   |   1.37424391939   |  12.6743528843   |
|     321      |      444.0       |        4556.0       |        0.9112        |  13.3216   |   1.37398167823   |  12.8810434341   |
|     322      |      460.0       |        4540.0       |        0.908         |  13.6378   |   1.42064204485   |  13.0740740299   |
|     323      |      471.0       |        4529.0       |        0.9058        |  13.0394   |   1.39217815912   |  12.5916905403   |
|     324      |      449.0       |        4551.0       |        0.9102        |  12.5892   |   1.36115746197   |  12.2765767574   |
|     325      |      446.0       |        4554.0       |        0.9108        |  12.8598   |   1.38936186187   |  12.4967563152   |
|     326      |      474.0       |        4526.0       |        0.9052        |  13.1572   |   1.39153573976   |  12.7404577732   |
|     327      |      458.0       |        4542.0       |        0.9084        |   13.09    |    1.3758613391   |  12.6891751289   |
|     328      |      438.0       |        4562.0       |        0.9124        |  12.5444   |   1.34540615428   |  12.3597123623   |
|     329      |      459.0       |        4541.0       |        0.9082        |   12.727   |   1.34398512135   |  12.4350609779   |
|     330      |      411.0       |        4589.0       |        0.9178        |  12.5958   |   1.34409833429   |  12.4494144917   |
|     331      |      434.0       |        4566.0       |        0.9132        |  12.5188   |   1.36835736668   |  12.3642265797   |
|     332      |      455.0       |        4545.0       |        0.909         |  12.9256   |   1.36939502417   |  12.7162508965   |
|     333      |      446.0       |        4554.0       |        0.9108        |   12.311   |   1.33861400269   |  12.2051579952   |
|     334      |      426.0       |        4574.0       |        0.9148        |  12.0122   |   1.33644518914   |  12.0088450909   |
|     335      |      460.0       |        4540.0       |        0.908         |   12.463   |   1.35607568171   |  12.4324910641   |
|     336      |      465.0       |        4535.0       |        0.907         |  12.4702   |   1.37369409823   |  12.4415659904   |
|     337      |      448.0       |        4552.0       |        0.9104        |  11.9578   |   1.34485965614   |  11.9436945915   |
|     338      |      454.0       |        4546.0       |        0.9092        |  12.4204   |   1.34717961358   |  12.4913582802   |
|     339      |      429.0       |        4571.0       |        0.9142        |  12.3246   |   1.36005755333   |  12.3382322788   |
|     340      |      447.0       |        4553.0       |        0.9106        |  12.2862   |   1.32894245007   |  12.3209402561   |
|     341      |      444.0       |        4556.0       |        0.9112        |  12.1454   |   1.32904486194   |   12.249943018   |
|     342      |      438.0       |        4562.0       |        0.9124        |   12.073   |   1.35891688664   |  12.1654155254   |
|     343      |      448.0       |        4552.0       |        0.9104        |  11.7576   |   1.31856170817   |   11.896273613   |
|     344      |      454.0       |        4546.0       |        0.9092        |  11.7994   |   1.30876538952   |  12.0120248795   |
|     345      |      417.0       |        4583.0       |        0.9166        |  12.0432   |   1.33737639494   |  12.1820459366   |
|     346      |      433.0       |        4567.0       |        0.9134        |  11.3966   |   1.31105557373   |  11.7218868732   |
|     347      |      442.0       |        4558.0       |        0.9116        |  11.6932   |   1.31416293755   |  11.9983329773   |
|     348      |      408.0       |        4592.0       |        0.9184        |  11.9292   |   1.32641368673   |  12.2380831242   |
|     349      |      459.0       |        4541.0       |        0.9082        |  11.9208   |   1.30158604207   |  12.1600492001   |
|     350      |      420.0       |        4580.0       |        0.916         |  11.9636   |   1.34904391818   |  12.1938428879   |
|     351      |      454.0       |        4546.0       |        0.9092        |  11.8752   |   1.31775172088   |  12.1455898285   |
|     352      |      420.0       |        4580.0       |        0.916         |   11.801   |   1.32281641508   |   12.071908474   |
|     353      |      417.0       |        4583.0       |        0.9166        |  11.6404   |   1.31541106858   |   11.919012785   |
|     354      |      444.0       |        4556.0       |        0.9112        |  11.5906   |   1.30127335809   |  11.9434392452   |
|     355      |      413.0       |        4587.0       |        0.9174        |  11.6926   |   1.32070398857   |  12.0430941582   |
|     356      |      424.0       |        4576.0       |        0.9152        |  11.0796   |   1.29854088929   |  11.5288858414   |
|     357      |      412.0       |        4588.0       |        0.9176        |  11.8128   |   1.33036966901   |  12.1987714767   |
|     358      |      419.0       |        4581.0       |        0.9162        |   11.144   |   1.27563404828   |  11.6889977455   |
|     359      |      408.0       |        4592.0       |        0.9184        |   11.384   |   1.28929780454   |  11.9581093788   |
|     360      |      427.0       |        4573.0       |        0.9146        |  11.4452   |   1.29227323162   |  12.0741198063   |
|     361      |      417.0       |        4583.0       |        0.9166        |  11.4946   |   1.29981379618   |  12.0651621819   |
|     362      |      384.0       |        4616.0       |        0.9232        |  11.0854   |   1.28848375834   |  11.7493317127   |
|     363      |      392.0       |        4608.0       |        0.9216        |  11.0716   |   1.27146841891   |  11.7069849968   |
|     364      |      359.0       |        4641.0       |        0.9282        |  11.3144   |     1.30442842    |  12.0772047043   |
|     365      |      407.0       |        4593.0       |        0.9186        |  10.9986   |   1.27543763691   |  11.6841938496   |
|     366      |      357.0       |        4643.0       |        0.9286        |  11.1666   |   1.27916997438   |  11.8797597885   |
|     367      |      390.0       |        4610.0       |        0.922         |  10.7832   |   1.27363939203   |   11.506935358   |
|     368      |      404.0       |        4596.0       |        0.9192        |  10.8994   |   1.27025052951   |  11.6991164684   |
|     369      |      409.0       |        4591.0       |        0.9182        |  10.8092   |   1.25540084819   |  11.5752596855   |
|     370      |      394.0       |        4606.0       |        0.9212        |  10.9502   |    1.2895132491   |  11.7683234215   |
|     371      |      399.0       |        4601.0       |        0.9202        |  11.1344   |   1.30129328097   |  11.9563889503   |
|     372      |      401.0       |        4599.0       |        0.9198        |  10.5878   |   1.25248063906   |  11.5049273968   |
|     373      |      397.0       |        4603.0       |        0.9206        |   10.871   |   1.26426498155   |  11.7238428593   |
|     374      |      392.0       |        4608.0       |        0.9216        |   10.599   |   1.27085903259   |  11.5619900227   |
|     375      |      382.0       |        4618.0       |        0.9236        |  10.9306   |   1.29419950907   |  11.8316144943   |
|     376      |      378.0       |        4622.0       |        0.9244        |  10.9074   |   1.26713282916   |  11.9282052517   |
|     377      |      386.0       |        4614.0       |        0.9228        |   10.727   |   1.26572102718   |  11.6724596024   |
|     378      |      414.0       |        4586.0       |        0.9172        |  10.8434   |   1.28528861702   |  11.8862204552   |
|     379      |      387.0       |        4613.0       |        0.9226        |  10.5376   |   1.25778683353   |  11.5541398525   |
|     380      |      399.0       |        4601.0       |        0.9202        |   10.685   |   1.26504937909   |  11.7167246342   |
|     381      |      405.0       |        4595.0       |        0.919         |   10.472   |   1.25732866599   |  11.5143601894   |
|     382      |      388.0       |        4612.0       |        0.9224        |  10.7554   |   1.25441107938   |  11.8300507069   |
|     383      |      369.0       |        4631.0       |        0.9262        |  10.1662   |    1.2475779534   |  11.2251889706   |
|     384      |      365.0       |        4635.0       |        0.927         |  10.6748   |   1.27031853397   |  11.7049953938   |
|     385      |      358.0       |        4642.0       |        0.9284        |  10.0674   |   1.25337085533   |   11.177508831   |
|     386      |      364.0       |        4636.0       |        0.9272        |  10.3284   |   1.24305707168   |  11.4904210567   |
|     387      |      398.0       |        4602.0       |        0.9204        |  10.3722   |   1.23907458272   |  11.4605238438   |
|     388      |      376.0       |        4624.0       |        0.9248        |  10.4786   |   1.24392141245   |  11.5816926956   |
|     389      |      370.0       |        4630.0       |        0.926         |  10.4688   |   1.24269359998   |  11.5711145401   |
|     390      |      377.0       |        4623.0       |        0.9246        |  10.3342   |   1.23150904302   |  11.5366537571   |
|     391      |      366.0       |        4634.0       |        0.9268        |  10.0648   |   1.23141380266   |  11.3580658436   |
|     392      |      357.0       |        4643.0       |        0.9286        |  10.2132   |   1.22934859055   |  11.5619423389   |
|     393      |      357.0       |        4643.0       |        0.9286        |  10.0346   |    1.2231891009   |   11.253534317   |
|     394      |      385.0       |        4615.0       |        0.923         |  10.1126   |   1.21460922056   |  11.3650169373   |
|     395      |      398.0       |        4602.0       |        0.9204        |   9.9706   |   1.23134312376   |  11.1857330799   |
|     396      |      359.0       |        4641.0       |        0.9282        |  10.1356   |   1.21171619694   |  11.3915729523   |
|     397      |      358.0       |        4642.0       |        0.9284        |  10.0466   |   1.20847851665   |  11.2905647755   |
|     398      |      383.0       |        4617.0       |        0.9234        |  10.0918   |   1.23902858339   |  11.4675812721   |
|     399      |      367.0       |        4633.0       |        0.9266        |   9.8228   |   1.20526845317   |  11.3044543266   |
|     400      |      391.0       |        4609.0       |        0.9218        |  10.4716   |   1.26440753187   |  11.8902812004   |
|     401      |      363.0       |        4637.0       |        0.9274        |  10.0678   |   1.24130820291   |  11.4025933743   |
|     402      |      328.0       |        4672.0       |        0.9344        |  10.2578   |   1.24248453848   |  11.6655285358   |
|     403      |      341.0       |        4659.0       |        0.9318        |   10.024   |    1.2094328877   |  11.3513274193   |
|     404      |      325.0       |        4675.0       |        0.935         |   9.5918   |    1.213539891    |  11.2232685089   |
|     405      |      346.0       |        4654.0       |        0.9308        |   9.5262   |   1.19640330704   |  10.9782416821   |
|     406      |      379.0       |        4621.0       |        0.9242        |   9.1868   |   1.15320725729   |  10.6552019119   |
|     407      |      352.0       |        4648.0       |        0.9296        |   9.9402   |   1.23755232587   |  11.4080667496   |
|     408      |      367.0       |        4633.0       |        0.9266        |   9.4354   |   1.19161879182   |  10.9808599949   |
|     409      |      368.0       |        4632.0       |        0.9264        |   9.4222   |   1.19446060192   |   11.037437439   |
|     410      |      341.0       |        4659.0       |        0.9318        |   9.6712   |   1.18609765415   |   11.319414854   |
|     411      |      380.0       |        4620.0       |        0.924         |   9.7102   |   1.20612667858   |  11.2490594387   |
|     412      |      341.0       |        4659.0       |        0.9318        |   9.3138   |   1.19716092194   |   10.972853899   |
|     413      |      343.0       |        4657.0       |        0.9314        |   9.8166   |   1.22286954249   |  11.3982725143   |
|     414      |      356.0       |        4644.0       |        0.9288        |   9.4494   |   1.17805515103   |  11.0962204933   |
|     415      |      345.0       |        4655.0       |        0.931         |   9.4444   |   1.16450782425   |  11.0741345882   |
|     416      |      337.0       |        4663.0       |        0.9326        |   9.5756   |   1.20745553172   |    11.2532444    |
|     417      |      383.0       |        4617.0       |        0.9234        |   9.9106   |   1.19790656463   |  11.5747146606   |
|     418      |      354.0       |        4646.0       |        0.9292        |   9.3748   |   1.19387846529   |  11.0856423378   |
|     419      |      342.0       |        4658.0       |        0.9316        |   9.5294   |   1.20658289965   |  11.1690001488   |
|     420      |      321.0       |        4679.0       |        0.9358        |   9.455    |   1.17818669131   |  11.2454409599   |
|     421      |      329.0       |        4671.0       |        0.9342        |   9.1168   |   1.17894639369   |  10.8901643753   |
|     422      |      359.0       |        4641.0       |        0.9282        |   9.3958   |   1.18083936848   |  11.1484980583   |
|     423      |      357.0       |        4643.0       |        0.9286        |   9.3652   |   1.17895975226   |  11.1412558556   |
|     424      |      364.0       |        4636.0       |        0.9272        |   9.1372   |    1.1702386047   |  10.9717113972   |
|     425      |      306.0       |        4694.0       |        0.9388        |   9.1784   |   1.17211133865   |  10.9777488708   |
|     426      |      338.0       |        4662.0       |        0.9324        |   9.2554   |    1.1899559956   |  11.1209759712   |
|     427      |      355.0       |        4645.0       |        0.929         |   9.3264   |   1.16325472669   |  11.1545526981   |
|     428      |      357.0       |        4643.0       |        0.9286        |   9.1126   |   1.17000359224   |  11.1785521507   |
|     429      |      359.0       |        4641.0       |        0.9282        |   9.1718   |   1.17714428117   |  11.0895519257   |
|     430      |      334.0       |        4666.0       |        0.9332        |   9.0016   |   1.15329549397   |  10.9386913776   |
|     431      |      350.0       |        4650.0       |         0.93         |   9.018    |   1.15170894309   |  10.9635100365   |
|     432      |      321.0       |        4679.0       |        0.9358        |   9.1764   |   1.18446245038   |  11.3148326874   |
|     433      |      362.0       |        4638.0       |        0.9276        |   8.9608   |   1.17429205511   |  10.9532885551   |
|     434      |      332.0       |        4668.0       |        0.9336        |   8.9476   |   1.15042050514   |  10.9909148216   |
|     435      |      330.0       |        4670.0       |        0.934         |   9.008    |   1.16740801236   |  11.0201294422   |
|     436      |      328.0       |        4672.0       |        0.9344        |   8.9842   |   1.15246554799   |  11.0640745163   |
+--------------+------------------+---------------------+----------------------+------------+-------------------+------------------+

*Means walk are the number, not the distance.For the distance must be multiplied by epsilon